[355]
1
[65,0,0,118,230,0,0,58,157,0,0,1,201,0,0,383,59,0,0,302,278,0,0,156,162,0,0,279,334,0,0,172,197,0,0,341,147,0,0,484,226,0,0,496,405,0,0,322,228,0,0,156,280,0,0,305,402,0,0,141,81,0,0,331,355,0,0,323,379,0,0,176,271,0,0,175,38,0,0,499,366,0,0,494,392,0,0,75,300,0,0,22,376,0,0,126,442,0,0,384]
2
[0,1,2,3,4,5,6,7,8,9,10,11,12,13,14,15,16,17,18,19,20,21,22,23,24,25,26,27,28,29,30,31,32,33,34,35,36,37,38,39,40,41,42,43,44,45,46,47,48,49,50,51,52,53,54,55,56,57,58,59,60,61,62,63,64,65,66,67,68,69,70,71,72,73,74,75,76,77,78,79,80,81,82,83,84,85,86,87,88,89,90,91,92,93,94,95,96,97,98,99,100,101,102,103,104,105,106,107,108,109,110,111,112,113,114,115,116,117,118,119,120,121,122,123,124,125,126,127,128,129,130,131,132,133,134,135,136,137,138,139,140,141,142,143,144,145,146,147,148,149,150,151,152,153,154,155,156,157,158,159,160,161,162,163,164,165,166,167,168,169,170,171,172,173,174,175,176,177,178,179,180,181,182,183,184,185,186,187,188,189,190,191,192,193,194,195,196,197,198,199,200,201,202,203,204,205,206,207,208,209,210,211,212,213,214,215,216,217,218,219,220,221,222,223,224,225,226,227,228,229,230,231,232,233,234,235,236,237,238,239,240,241,242,243,244,245,246,247,248,249,250,249,248,247,246,245,244,243,242,241,240,239,238,237,236,235,234,233,232,231,230,229,228,227,226,225,224,223,222,221,220,219,218,217,216,215,214,213,212,211,210,209,208,207,206,205,204,203,202,201,200,199,198,197,196,195,194,193,192,191,190,189,188,187,186,185,184,183,182,181,180,179,178,177,176,175,174,173,172,171,170,169,168,167,166,165,164,163,162,161,160,159,158,157,156,155,154,153,152,151,150,149,148,147,146,145,144,143,142,141,140,139,138,137,136,135,134,133,132,131,130,129,128,127,126,125,124,123,122,121,120,119,118,117,116,115,114,113,112,111,110,109,108,107,106,105,104,103,102,101,100,99,98,97,96,95,94,93,92,91,90,89,88,87,86,85,84,83,82,81,80,79,78,77,76,75,74,73,72,71,70,69,68,67,66,65,64,63,62,61,60,59,58,57,56,55,54,53,52,51,50,49,48,47,46,45,44,43,42,41,40,39,38,37,36,35,34,33,32,31,30,29,28,27,26,25,24,23,22,21,20,19,18,17,16,15,14,13,12,11,10,9,8,7,6,5,4,3,2,1]
1
[369,74,29,333,221,437,411,205,239,12,277,229,364,376,160,111,204,300,44,455,441,56,406,394,249,125,401,365,351,259,436,188,208,57,418,202,467,230,270,474,398,242,76,331,476,3,247,9,426,396,149,176,426,248,158,177,328,444,365,316,406,444,171,255,335,454,225,262,403,318,200,59,335,391,445,405,20,23,400,318,490,319,169,342,207,249,22,484,29,414,139,50,496,373,301,278,34,324,256,299,275,375,146,314,63,240,389,240,170,269,333,430,377,427,154,302,30,493,437,481,78,210,416,372,92,450,163,74,259,131,457,183,399,100,200,324,346,216,372,87,280,137,470,233,153,429,316,368,438,342,30,292,195,252,292,134,465,351,12,7,481,290,88,52,429,390,285,101,110,80,483,390,344,210,226,288,65,216,85,484,54,428,335,332,17,8,220,42,412,417,415,304,194,344,486,436,471,480,103,440,13,235,439,218,356,150,296,2,390,333,263,388,31,245,357,274,356,291,140,102,3,240,8,156,150,277,72,456,121,358,305,58,326,365,1,206,483,151,113,301,78,442,382,341,466,266,326,120,147,66,29,354,364,201,278,131,463,461,28,455,476,274,301,69,169,346,45,157,321,135,292,147,129,41,320,208,436,193,44,16,84,445,472,188,22,482,93,23,154,188,49,269,369,4,114,242,93,106,125,78,247,258,473,233,220,494,358,256,340,438,33,453,325,112,339,98,444,221,202,127,416,458,398,184,454,348,373,224,167,153,291,308,305,169,329,64,32,394,215,380,215,482,205,150,419,355,102,313,299,151,337,249,101,281,73,131,302,388,4,184,260,412,464,60,50,167,48,52,194,454,485,351,163,255,395,124,286,289,104,476,497,386,441,148,76,245,200,158,162,351,378,70,80,434,288,454,269,225,476,98,273,339,202,308,27,187,275,119,228,362,91,162,499,384,100,69,419,496,266,80,469,174,182,178,149,123,497,245,92,182,434,282,11,169,324,252,457,176,441,144,123,114,364,436,113,420,183,245,220,75,69,433,63,21,468,101,111,161,28,453,419,295,482,28,76,138,172,135,492,231,488,163,347,403,309,334,273,250,244,247,300,176,109,351,408,331,134,64,267,373,145,382,56,282,408,415,146,205,197,393]
1
[0,1,2,3,4,5,6,7,8,9,10,11,12,13,14,15,16,17,18,19,20,21,22,23,24,25,26,27,28,29,30,31,32,33,34,35,36,37,38,39,40,41,42,43,44,45,46,47,48,49,50,51,52,53,54,55,56,57,58,59,60,61,62,63,64,65,66,67,68,69,70,71,72,73,74,75,76,77,78,79,80,81,82,83,84,85,86,87,88,89,90,91,92,93,94,95,96,97,98,99,100,101,102,103,104,105,106,107,108,109,110,111,112,113,114,115,116,117,118,119,120,121,122,123,124,125,126,127,128,129,130,131,132,133,134,135,136,137,138,139,140,141,142,143,144,145,146,147,148,149,150,151,152,153,154,155,156,157,158,159,160,161,162,163,164,165,166,167,168,169,170,171,172,173,174,175,176,177,178,179,180,181,182,183,184,185,186,187,188,189,190,191,192,193,194,195,196,197,198,199,200,201,202,203,204,205,206,207,208,209,210,211,212,213,214,215,216,217,218,219,220,221,222,223,224,225,226,227,228,229,230,231,232,233,234,235,236,237,238,239,240,241,242,243,244,245,246,247,248,249,250,249,248,247,246,245,244,243,242,241,240,239,238,237,236,235,234,233,232,231,230,229,228,227,226,225,224,223,222,221,220,219,218,217,216,215,214,213,212,211,210,209,208,207,206,205,204,203,202,201,200,199,198,197,196,195,194,193,192,191,190,189,188,187,186,185,184,183,182,181,180,179,178,177,176,175,174,173,172,171,170,169,168,167,166,165,164,163,162,161,160,159,158,157,156,155,154,153,152,151,150,149,148,147,146,145,144,143,142,141,140,139,138,137,136,135,134,133,132,131,130,129,128,127,126,125,124,123,122,121,120,119,118,117,116,115,114,113,112,111,110,109,108,107,106,105,104,103,102,101,100,99,98,97,96,95,94,93,92,91,90,89,88,87,86,85,84,83,82,81,80,79,78,77,76,75,74,73,72,71,70,69,68,67,66,65,64,63,62,61,60,59,58,57,56,55,54,53,52,51,50,49,48,47,46,45,44,43,42,41,40,39,38,37,36,35,34,33,32,31,30,29,28,27,26,25,24,23,22,21,20,19,18,17,16,15,14,13,12,11,10,9,8,7,6,5,4,3,2,1]
10
[116,484,472,216,31,143,75,306,306,367,115,375,267,379,281,372,475,180,21,313,74,254,435,411,417,299,360,305,285,469,96,433,136,145,485,34,223,361,71,182,96,16,387,418,79,410,413,422,281,406,252,293,486,353,460,493,343,395,237,429,486,198,298,263,37,319,70,293,226,373,80,39,457,458,228,56,110,371,285,282,179,275,263,159,468,165,303,335,138,45,146,264,225,40,359,268,36,484,254,386,132,385,271,459,152,324,285,74,379,132,240,459,19,498,469,168,467,156,92,158,251,73,132,74,259,176,101,230,353,262,468,214,383,152,484,320,170,101,38,218,436,429,386,423,377,346,77,495,331,484,264,335,487,500,360,25,266,225,453,272,14,254,330,462,54,111,83,354,326,166,133,182,364,188,54,234,396,149,272,272,275,459,494,85,385,90,326,195,444,449,269,325,11,460,487,414,269,468,413,331,143,373,438,284,499,75,0,375,41,299,128,463,441,92,491,2,328,94,279,322,77,3,384,219,451,80,83,253,408,248,238,20,471,225,27,235,46,466,365,322,25,12,24,330,333,347,45,11,182,211,141,219,186,399,306,122,59,138,75,474,241,216,148,472,213,433,301,103,217,404,119,76,353,190,257,479,248,214,428,89,336,263,353,96,168,378,107,427,231,91,78,434,96,92,464,346,455,296,471,449,309,173,354,202,473,486,435,484,73,389,221,174,392,289,35,7,452,356,197,222,70,211,331,358,326,441,386,248,400,264,115,467,419,57,425,171,284,454,368,275,138,445,425,359,25,101,447,8,435,365,334,63,465,441,50,344,146,327,338,95,118,231,462,88,209,264,108,401,236,346,444,348,241,342,233,352,194,489,259,301,239,434,471,315,63,77,103,425,196,360,492,148,199,468,164,276,197,409,42,322,56,385,59,229,329,181,112,353,271,149,180,201,139,88,106,300,290,147,462,201,182,17,410,367,33,96,499,77,99,453,90,41,338,16,326,10,215,248,271,351,379,246,370,273,85,12,80,265,432,91,204,61,391,313,397,68,314,102,171,42,309,103,421,217,112,85,484,4,379,95,138,319,234,206,413,80,46,57,131,201,289,54,278,226,58,115,137,468,61,413,455,366,53,381,192,183,419,404,125,97]
10
[0,1,2,3,4,5,6,7,8,9,10,11,12,13,14,15,16,17,18,19,20,21,22,23,24,25,26,27,28,29,30,31,32,33,34,35,36,37,38,39,40,41,42,43,44,45,46,47,48,49,50,51,52,53,54,55,56,57,58,59,60,61,62,63,64,65,66,67,68,69,70,71,72,73,74,75,76,77,78,79,80,81,82,83,84,85,86,87,88,89,90,91,92,93,94,95,96,97,98,99,100,101,102,103,104,105,106,107,108,109,110,111,112,113,114,115,116,117,118,119,120,121,122,123,124,125,126,127,128,129,130,131,132,133,134,135,136,137,138,139,140,141,142,143,144,145,146,147,148,149,150,151,152,153,154,155,156,157,158,159,160,161,162,163,164,165,166,167,168,169,170,171,172,173,174,175,176,177,178,179,180,181,182,183,184,185,186,187,188,189,190,191,192,193,194,195,196,197,198,199,200,201,202,203,204,205,206,207,208,209,210,211,212,213,214,215,216,217,218,219,220,221,222,223,224,225,226,227,228,229,230,231,232,233,234,235,236,237,238,239,240,241,242,243,244,245,246,247,248,249,250,249,248,247,246,245,244,243,242,241,240,239,238,237,236,235,234,233,232,231,230,229,228,227,226,225,224,223,222,221,220,219,218,217,216,215,214,213,212,211,210,209,208,207,206,205,204,203,202,201,200,199,198,197,196,195,194,193,192,191,190,189,188,187,186,185,184,183,182,181,180,179,178,177,176,175,174,173,172,171,170,169,168,167,166,165,164,163,162,161,160,159,158,157,156,155,154,153,152,151,150,149,148,147,146,145,144,143,142,141,140,139,138,137,136,135,134,133,132,131,130,129,128,127,126,125,124,123,122,121,120,119,118,117,116,115,114,113,112,111,110,109,108,107,106,105,104,103,102,101,100,99,98,97,96,95,94,93,92,91,90,89,88,87,86,85,84,83,82,81,80,79,78,77,76,75,74,73,72,71,70,69,68,67,66,65,64,63,62,61,60,59,58,57,56,55,54,53,52,51,50,49,48,47,46,45,44,43,42,41,40,39,38,37,36,35,34,33,32,31,30,29,28,27,26,25,24,23,22,21,20,19,18,17,16,15,14,13,12,11,10,9,8,7,6,5,4,3,2,1]
414
[268,286,440,176,456,116,96,472,234,219,347,155,392,61,426,342,314,65,387,326,391,137,174,32,316,104,303,29,68,137,354,276,217,302,194,204,96,415,323,81,384,116,455,289,6,99,253,473,470,429,98,401,179,277,103,37,259,204,492,495,91,285,197,285,224,273,167,288,92,50,167,419,115,310,359,416,301,10,496,203,142,111,56,420,233,222,143,390,489,360,217,148,480,422,256,301,262,116,145,316,184,477,319,177,157,390,116,336,313,427,419,372,400,409,249,131,232,238,489,192,344,150,495,148,6,182,212,438,376,78,342,129,289,415,497,71,239,308,249,329,302,184,124,191,249,266,483,93,27,357,372,98,470,139,84,432,9,195,168,423,38,373,386,401,291,351,470,22,59,322,213,443,453,111,146,315,202,329,239,385,86,146,134,274,89,272,94,173,222,28,236,275,203,495,486,390,405,21,342,450,193,263,344,499,303,169,193,341,404,206,123,432,326,22,381,488,28,53,19,223,194,295,382,108,70,256,295,448,125,64,381,385,23,252,134,472,248,216,465,392,44,206,11,195,213,261,35,288,332,282,194,219,384,24,62,3,297,319,182,158,127,420,170,290,126,202,114,240,164,120,246,299,287,230,417,158,451,500,360,83,36,292,308,432,196,170,22,454,84,499,377,166,65,234,174,429,488,187,2,459,323,91,333,262,406,393,292,326,232,329,45,298,422,436,154,283,218,56,137,208,99,97,81,113,459,280,181,32,487,251,70,149,242,370,108,225,193,456,10,319,182,100,367,308,362,249,360,432,444,7,257,130,152,243,347,172,291,390,185,293,62,200,307,337,146,367,416,129,177,96,387,48,208,196,333,166,160,59,155,204,356,401,289,171,479,205,62,31,409,328,326,461,41,99,144,84,378,295,307,476,170,35,401,469,374,330,199,398,24,454,440,376,34,472,125,206,134,139,37,392,469,324,276,167,298,233,8,345,282,221,377,263,45,32,433,86,440,5,442,126,183,172,272,220,423,295,317,156,263,183,36,362,32,192,354,371,248,232,106,191,281,102,141,3,44,105,39,475,33,373,251,22,233,474,150,497,335,110,410,259,262,71,138,183,409,42,299,294,378,322,27,62,148,133,308,89,146,367,228,230]
414