[6,13,9]
9
[10,11,16,21,24,30,33,23,21,14]
10
[22,23,32,42,46,52,58,61,68,76,77,79,89,95,97,104,106,112,116,120,125,127,137,141,142,148,150,157,148,147,146,136,128,126,116,106,100,93,87,85,84,80,70,65,62,52,49,47,44,34,28,25,15,6,0]
116
[3584,7441,10097,13433,14177,15551,16969,17215,18729,21805,25270,27050,30146,33764,34735,37400,38960,40582,43588,46703,50815,50892,53388,56307,58164,62035,63403,66093,67140,68218,71645,73623,74676,77895,79527,80502,81068,83557,87590,89744,90506,92283,95168,97596,101399,104446,107656,111552,113191,113650,113913,114923,118152,121150,123237,125019,127607,130305,131021,131681,135251,137195,138324,140444,142081,143720,146868,150967,154536,156600,158988,159457,162934,166353,169799,170259,170213,169902,166636,164283,162339,162007,159615,157047,154387,154372,152197,149317,149042,148878,145672,143747,142066,138169,137104,136530,135301,131977,130200,127087,127046,125233,123449,122547,119523,118955,115204,112891,111149,110276,107576,104186,103661,101106,100616,97374,94335,93805,89999,88553,84732,84038,80432,79057,78931,75633,73707,72810,70237,70029,69322,66105,64159,62920,59850,56842,53355,51208,49948,49756,48388,44618,41823,40027,39375,37285,34336,33587,33040,29941,27716,26122,23941,22649,19104,15968,13152,13005,12979,10565,7356,6784,3926,588,0]
78931
[6,12,17,24,26,29,31,36,45,48,57,65,70,72,76,80,87,96,100,102,107,114,116,118,125,134,138,147,150,159,161,168,174,180,183,190,200,201,207,215,224,227,236,244,252,253,262,270,280,290,296,303,306,316,326,335,345,349,359,362,370,379,382,385,394,399,402,407,412,422,425,434,442,445,447,455,465,473,482,486,491,500,508,518,527,530,531,538,539,548,552,557,566,569,571,581,583,588,589,590,591,596,598,604,613,621,630,632,639,641,649,651,657,661,666,669,675,681,684,691,701,711,713,718,728,734,742,751,755,760,770,771,774,782,789,796,797,802,809,815,820,823,825,829,839,845,850,857,860,868,875,876,881,883,886,894,902,911,919,922,931,932,940,949,959,969,974,984,985,987,996,1006,1015,1021,1031,1037,1042,1052,1054,1058,1062,1069,1076,1082,1089,1098,1108,1112,1114,1117,1119,1120,1122,1123,1126,1131,1141,1151,1159,1166,1167,1174,1181,1190,1196,1200,1205,1210,1212,1218,1220,1230,1240,1243,1251,1255,1258,1261,1265,1269,1277,1281,1285,1294,1296,1303,1309,1318,1322,1326,1328,1332,1341,1349,1351,1350,1344,1341,1338,1332,1325,1323,1320,1315,1313,1303,1301,1298,1293,1287,1280,1271,1261,1253,1243,1237,1227,1220,1212,1211,1202,1194,1185,1179,1172,1162,1160,1151,1145,1135,1129,1122,1119,1109,1107,1106,1099,1095,1087,1083,1076,1068,1065,1061,1052,1049,1046,1037,1031,1023,1016,1012,1002,995,993,985,983,976,971,966,963,958,952,945,939,929,919,913,912,903,893,892,883,873,863,854,853,847,844,840,836,831,830,824,815,807,802,799,793,785,784,780,771,762,754,745,738,736,730,727,718,711,710,702,701,698,688,685,681,680,675,673,669,663,655,650,646,643,635,630,626,622,615,605,603,602,597,587,583,582,575,570,565,557,553,552,549,544,536,534,530,524,519,518,517,514,506,496,486,483,477,472,469,468,461,459,453,449,444,434,424,421,411,406,405,395,387,383,377,373,371,363,356,353,352,348,340,338,337,330,326,316,311,309,304,303,301,295,288,280,278,275,273,269,266,264,262,254,248,245,239,234,230,225,219,210,206,202,198,196,189,187,182,181,178,176,174,164,158,149,144,138,134,126,125,124,115,114,108,99,91,89,83,80,78,76,67,62,59,57,50,41,38,34,24,17,10,3,0]
3
[7,17,23,30,33,41,42,45,46,51,56,58,61,69,71,73,74,82,90,94,104,113,121,125,126,133,134,143,145,153,163,173,177,183,190,200,206,209,210,218,227,229,236,241,243,250,258,260,262,269,275,282,285,293,296,299,301,308,318,328,331,334,339,343,352,361,366,375,380,386,388,394,400,402,411,420,426,431,438,441,450,459,469,474,476,477,481,485,489,485,481,479,471,465,455,449,441,431,427,423,416,406,399,392,385,384,374,368,365,361,358,353,343,342,340,333,327,322,319,315,312,304,296,287,283,279,276,267,264,259,249,241,233,227,219,214,204,198,188,186,181,175,171,166,158,151,147,138,130,120,116,107,101,92,85,83,73,67,66,61,60,54,48,45,37,36,31,25,16,8,4,3,0]
204
[6,11,16,21,31,36,44,45,50,52,61,62,65,75,85,90,100,109,114,119,123,124,128,136,146,155,164,174,179,182,189,194,199,208,214,224,228,238,243,253,254,258,262,267,277,284,286,291,301,305,311,312,322,325,331,332,342,343,350,354,357,364,373,379,386,391,394,404,405,408,417,427,434,439,441,445,453,458,468,476,486,488,493,495,499,506,509,512,520,523,530,534,544,551,552,553,558,561,566,573,577,585,591,595,599,608,617,625,634,641,644,654,656,664,668,677,678,684,686,692,693,703,708,710,714,723,730,733,739,749,758,764,766,772,776,779,782,787,797,800,802,811,818,828,838,842,851,853,860,864,869,878,888,889,898,901,906,909,916,924,926,928,929,935,944,952,960,970,971,975,976,983,993,999,1006,1016,1017,1020,1030,1037,1045,1049,1054,1060,1065,1072,1075,1085,1092,1093,1098,1105,1109,1111,1115,1120,1124,1133,1142,1143,1150,1156,1157,1164,1171,1172,1182,1189,1194,1197,1206,1214,1218,1223,1227,1237,1240,1250,1252,1257,1260,1263,1273,1283,1288,1296,1303,1313,1322,1323,1324,1325,1326,1334,1337,1346,1347,1354,1355,1363,1371,1381,1391,1400,1409,1412,1419,1424,1428,1430,1435,1443,1444,1449,1453,1454,1458,1465,1472,1475,1485,1486,1494,1497,1505,1512,1514,1523,1532,1542,1549,1553,1557,1558,1560,1568,1578,1579,1585,1593,1601,1607,1612,1615,1617,1626,1628,1634,1635,1642,1648,1655,1665,1673,1681,1689,1690,1697,1705,1706,1707,1709,1717,1727,1730,1738,1739,1744,1754,1763,1764,1766,1770,1777,1781,1782,1787,1791,1795,1802,1804,1805,1809,1813,1820,1825,1828,1838,1847,1855,1859,1860,1868,1869,1877,1884,1892,1897,1905,1911,1918,1927,1936,1937,1943,1953,1958,1965,1972,1979,1987,1990,1998,2001,2010,2018,2028,2033,2042,2046,2052,2054,2055,2058,2061,2063,2069,2074,2082,2088,2093,2099,2106,2111,2114,2120,2125,2133,2137,2143,2149,2151,2158,2168,2172,2182,2188,2190,2200,2205,2210,2220,2223,2229,2238,2248,2252,2261,2262,2265,2269,2270,2280,2290,2297,2299,2301,2311,2320,2329,2335,2345,2347,2355,2358,2364,2372,2382,2387,2389,2398,2404,2409,2417,2427,2437,2442,2443,2445,2454,2464,2467,2475,2478,2486,2491,2497,2507,2509,2519,2524,2533,2539,2546,2554,2564,2566,2576,2578,2581,2582,2587,2595,2603,2612,2622,2632,2640,2645,2651,2657,2662,2664,2672,2678,2683,2684,2685,2688,2691,2697,2707,2716,2724,2734,2743,2748,2753,2761,2770,2775,2780,2789,2795,2796,2805,2812,2820,2829,2832,2836,2846,2849,2853,2857,2867,2871,2880,2883,2889,2892,2893,2900,2910,2915,2924,2930,2939,2949,2953,2959,2962,2967,2974,2980,2986,2987,2997,3001,3003,3008,3011,3020,3024,3029,3030,3036,3037,3039,3049,3053,3062,3072,3074,3080,3083,3085,3093,3096,3104,3108,3118,3124,3126,3129,3134,3137,3143,3150,3155,3160,3167,3171,3180,3189,3198,3204,3214,3223,3232,3238,3239,3244,3252,3261,3268,3278,3287,3292,3297,3299,3307,3312,3313,3314,3323,3333,3338,3341,3345,3353,3359,3363,3371,3374,3384,3389,3390,3400,3408,3417,3418,3426,3435,3443,3449,3457,3466,3473,3476,3479,3484,3488,3494,3495,3496,3499,3500,3503,3504,3511,3520,3523,3532,3534,3544,3553,3558,3562,3563,3568,3572,3582,3584,3590,3592,3598,3601,3603,3607,3612,3617,3625,3626,3629,3639,3645,3650,3655,3656,3666,3671,3681,3687,3693,3698,3706,3715,3716,3717,3726,3730,3734,3741,3742,3752,3756,3764,3767,3772,3776,3785,3787,3796,3799,3808,3809,3819,3823,3832,3834,3836,3840,3844,3851,3855,3856,3860,3870,3878,3880,3882,3892,3894,3903,3910,3920,3923,3925,3934,3939,3941,3951,3956,3962,3967,3975,3977,3980,3983,3986,3991,3998,3999,4007,4015,4025,4027,4036,4043,4049,4051,4059,4066,4073,4079,4082,4084,4085,4094,4097,4099,4100,4102,4107,4108,4110,4120,4125,4129,4135,4144,4154,4163,4169,4176,4178,4184,4191,4197,4202,4211,4216,4221,4222,4226,4233,4241,4250,4259,4263,4267,4276,4284,4286,4287,4297,4301,4307,4315,4323,4329,4338,4346,4347,4349,4351,4359,4363,4365,4371,4375,4379,4386,4390,4399,4408,4413,4417,4424,4430,4431,4436,4438,4444,4454,4455,4461,4462,4470,4478,4483,4493,4502,4508,4515,4525,4533,4543,4546,4549,4550,4556,4558,4567,4572,4575,4578,4585,4587,4592,4594,4598,4608,4611,4614,4621,4625,4630,4632,4634,4641,4645,4653,4661,4667,4676,4682,4683,4693,4702,4703,4704,4705,4711,4718,4723,4730,4737,4746,4755,4757,4760,4765,4773,4774,4781,4783,4790,4800,4807,4810,4817,4823,4829,4833,4835,4841,4851,4855,4859,4861,4871,4872,4873,4877,4884,4893,4902,4906,4916,4920,4930,4935,4940,4941,4949,4954,4961,4971,4972,4973,4978,4983,4988,4991,4996,4998,5001,5007,5012,5017,5024,5031,5041,5043,5046,5047,5052,5053,5055,5056,5066,5071,5077,5087,5096,5103,5105,5111,5114,5120,5124,5133,5139,5145,5153,5161,5167,5177,5180,5186,5196,5200,5207,5212,5217,5225,5231,5237,5239,5241,5251,5258,5261,5266,5276,5281,5291,5299,5309,5318,5324,5325,5326,5332,5340,5344,5348,5350,5359,5369,5370,5379,5387,5392,5401,5410,5418,5428,5431,5441,5448,5456,5462,5466,5471,5477,5481,5490,5498,5502,5505,5510,5518,5521,5524,5533,5534,5541,5551,5558,5560,5566,5574,5582,5588,5590,5598,5604,5605,5612,5620,5621,5623,5633,5635,5639,5643,5647,5654,5664,5668,5676,5679,5689,5697,5699,5707,5708,5715,5722,5732,5733,5743,5746,5756,5759,5766,5768,5778,5783,5786,5795,5804,5809,5819,5826,5834,5844,5851,5856,5861,5865,5873,5878,5884,5887,5889,5892,5897,5902,5905,5910,5913,5919,5922,5927,5933,5940,5945,5952,5961,5964,5973,5980,5983,5986,5990,5999,6009,6013,6016,6017,6018,6026,6035,6042,6052,6058,6061,6069,6073,6079,6085,6091,6101,6102,6106,6110,6114,6116,6125,6129,6135,6142,6152,6162,6165,6170,6174,6183,6187,6188,6190,6198,6204,6205,6212,6216,6222,6232,6237,6238,6248,6252,6258,6262,6266,6268,6272,6279,6289,6297,6300,6301,6309,6319,6328,6336,6346,6347,6350,6354,6360,6366,6367,6374,6383,6391,6397,6403,6411,6421,6428,6434,6435,6442,6452,6459,6464,6469,6474,6478,6487,6489,6493,6500,6503,6510,6520,6528,6536,6537,6542,6550,6553,6560,6563,6572,6576,6584,6591,6596,6600,6605,6610,6617,6619,6625,6635,6639,6641,6648,6654,6659,6663,6665,6667,6668,6669,6673,6678,6684,6686,6696,6705,6712,6719,6726,6727,6733,6743,6751,6757,6767,6768,6770,6777,6786,6795,6797,6801,6808,6816,6823,6824,6832,6837,6846,6850,6859,6860,6862,6865,6875,6880,6889,6891,6901,6911,6917,6926,6936,6945,6953,6960,6964,6971,6976,6981,6989,6998,7007,7011,7013,7015,7020,7022,7025,7028,7038,7042,7044,7050,7055,7058,7060,7067,7074,7081,7090,7093,7099,7102,7110,7114,7116,7122,7128,7133,7135,7143,7148,7157,7166,7168,7176,7178,7181,7185,7193,7198,7208,7214,7223,7226,7236,7238,7242,7251,7254,7263,7270,7271,7273,7280,7282,7286,7292,7301,7309,7318,7327,7337,7339,7347,7348,7353,7354,7360,7370,7378,7381,7390,7393,7399,7405,7410,7412,7419,7424,7427,7433,7442,7450,7458,7463,7465,7471,7474,7482,7492,7498,7508,7518,7521,7531,7536,7545,7550,7559,7564,7570,7575,7579,7587,7591,7594,7597,7603,7608,7610,7615,7622,7626,7632,7637,7641,7644,7649,7657,7665,7674,7676,7686,7691,7697,7703,7705,7711,7718,7728,7734,7736,7739,7749,7756,7762,7772,7780,7790,7794,7798,7799,7807,7815,7822,7829,7830,7838,7846,7856,7863,7869,7872,7877,7887,7895,7901,7909,7919,7922,7926,7928,7930,7940,7948,7953,7954,7964,7968,7974,7979,7987,7996,8002,8012,8013,8023,8031,8041,8049,8057,8065,8067,8072,8079,8088,8091,8100,8102,8103,8113,8117,8127,8128,8132,8140,8149,8158,8166,8168,8171,8180,8181,8185,8194,8197,8198,8207,8215,8217,8226,8236,8246,8248,8254,8260,8268,8274,8276,8280,8290,8291,8293,8296,8305,8307,8314,8318,8325,8334,8342,8351,8358,8365,8367,8376,8384,8394,8398,8405,8413,8414,8419,8423,8431,8433,8440,8449,8455,8459,8467,8476,8479,8482,8490,8499,8504,8512,8515,8525,8527,8534,8537,8542,8549,8552,8558,8560,8562,8570,8571,8578,8585,8595,8602,8604,8607,8608,8610,8620,8629,8631,8632,8634,8638,8644,8651,8660,8670,8675,8685,8686,8688,8690,8700,8708,8716,8720,8729,8737,8747,8752,8754,8761,8763,8764,8767,8773,8779,8787,8795,8797,8805,8806,8809,8812,8820,8828,8830,8839,8844,8846,8852,8856,8859,8862,8872,8879,8882,8886,8889,8899,8908,8917,8924,8925,8934,8942,8948,8949,8950,8959,8965,8968,8978,8988,8995,8999,9004,9009,9011,9016,9019,9021,9031,9036,9041,9045,9046,9053,9061,9070,9074,9083,9088,9089,9097,9101,9110,9119,9124,9130,9134,9138,9139,9147,9155,9164,9174,9175,9180,9190,9194,9198,9200,9203,9205,9207,9211,9212,9222,9231,9240,9247,9252,9259,9266,9275,9280,9281,9285,9291,9293,9298,9306,9315,9325,9332,9341,9345,9354,9356,9363,9367,9372,9379,9384,9385,9393,9397,9406,9408,9409,9413,9420,9425,9435,9445,9453,9456,9462,9463,9469,9473,9474,9481,9484,9485,9486,9490,9497,9506,9509,9519,9528,9538,9544,9553,9562,9571,9577,9580,9590,9599,9606,9614,9621,9625,9629,9630,9636,9637,9640,9649,9657,9661,9665,9672,9681,9682,9692,9696,9703,9709,9718,9720,9722,9726,9735,9738,9743,9746,9749,9751,9757,9761,9765,9768,9773,9777,9786,9789,9798,9804,9809,9811,9815,9823,9833,9843,9853,9863,9866,9868,9873,9880,9890,9891,9901,9911,9920,9923,9932,9940,9941,9942,9949,9953,9959,9964,9970,9979,9983,9992,10001,10004,10013,10022,10028,10035,10036,10037,10043,10048,10052,10057,10060,10063,10072,10076,10081,10087,10091,10098,10101,10102,10103,10105,10109,10114,10118,10120,10130,10131,10141,10148,10150,10152,10155,10160,10167,10171,10177,10183,10187,10192,10202,10212,10217,10221,10229,10237,10246,10253,10262,10263,10272,10276,10278,10282,10286,10294,10303,10311,10318,10320,10329,10334,10344,10350,10358,10360,10368,10373,10382,10386,10394,10397,10403,10404,10414,10423,10432,10437,10445,10447,10457,10461,10463,10469,10472,10477,10487,10494,10500,10504,10506,10515,10520,10529,10535,10539,10543,10551,10561,10571,10574,10583,10587,10590,10600,10606,10615,10621,10625,10626,10629,10630,10634,10642,10645,10652,10654,10663,10668,10677,10681,10685,10695,10696,10701,10705,10707,10715,10717,10721,10722,10728,10731,10738,10744,10753,10757,10758,10766,10768,10773,10777,10787,10796,10805,10810,10811,10820,10821,10824,10830,10833,10834,10843,10845,10846,10848,10858,10866,10870,10879,10881,10885,10892,10902,10909,10911,10918,10928,10933,10935,10939,10949,10951,10957,10961,10967,10971,10973,10978,10987,10997,11003,11006,11008,11017,11019,11028,11033,11034,11039,11042,11048,11057,11063,11066,11069,11076,11085,11093,11094,11102,11107,11108,11109,11115,11124,11127,11134,11144,11152,11156,11162,11166,11176,11185,11186,11191,11201,11208,11209,11216,11222,11228,11236,11240,11242,11252,11255,11260,11270,11273,11280,11281,11288,11289,11299,11305,11314,11318,11321,11331,11332,11337,11346,11356,11361,11370,11377,11383,11384,11394,11397,11398,11401,11405,11410,11420,11425,11435,11442,11443,11453,11460,11462,11463,11466,11475,11477,11481,11491,11501,11509,11513,11515,11516,11519,11524,11527,11535,11542,11550,11553,11554,11563,11568,11577,11578,11579,11588,11595,11597,11607,11615,11619,11626,11628,11634,11635,11637,11638,11641,11646,11650,11656,11658,11664,11665,11675,11678,11685,11694,11702,11712,11713,11719,11728,11737,11738,11739,11743,11745,11751,11754,11758,11762,11767,11769,11779,11782,11790,11800,11809,11816,11819,11825,11831,11833,11837,11847,11853,11859,11862,11867,11875,11882,11892,11900,11905,11914,11922,11926,11932,11935,11940,11942,11952,11959,11967,11968,11975,11976,11978,11985,11990,11997,12000,12005,12013,12021,12022,12027,12032,12036,12044,12053,12057,12062,12066,12074,12084,12085,12090,12097,12099,12106,12114,12123,12132,12140,12144,12151,12161,12169,12171,12172,12180,12184,12189,12198,12203,12207,12212,12213,12220,12222,12230,12237,12241,12249,12257,12267,12268,12275,12279,12285,12293,12296,12300,12305,12309,12310,12314,12318,12321,12330,12333,12337,12341,12347,12357,12362,12372,12375,12384,12390,12391,12400,12404,12411,12419,12429,12433,12440,12441,12444,12448,12453,12454,12458,12460,12467,12476,12480,12485,12494,12498,12500,12503,12512,12514,12517,12518,12520,12528,12532,12534,12537,12543,12547,12554,12561,12569,12577,12578,12588,12595,12597,12598,12603,12611,12620,12624,12631,12639,12642,12646,12649,12654,12663,12671,12676,12683,12685,12689,12695,12703,12710,12717,12723,12733,12736,12741,12746,12754,12761,12770,12778,12781,12786,12788,12791,12794,12796,12797,12799,12806,12810,12813,12816,12818,12820,12823,12826,12830,12833,12840,12846,12853,12858,12863,12872,12879,12882,12890,12893,12894,12903,12906,12915,12923,12929,12932,12939,12942,12952,12960,12966,12971,12976,12977,12987,12996,13005,13011,13018,13024,13033,13041,13051,13055,13062,13069,13074,13082,13092,13100,13106,13112,13121,13130,13138,13143,13147,13153,13161,13168,13175,13181,13183,13184,13190,13193,13202,13207,13217,13224,13231,13236,13241,13250,13259,13269,13279,13287,13290,13298,13299,13302,13303,13312,13319,13327,13335,13345,13353,13357,13363,13371,13376,13386,13387,13391,13396,13403,13411,13420,13426,13436,13438,13440,13447,13453,13457,13462,13464,13473,13480,13481,13484,13487,13489,13493,13500,13501,13504,13505,13510,13520,13521,13528,13534,13539,13542,13544,13554,13555,13558,13564,13570,13574,13584,13585,13587,13592,13594,13600,13609,13618,13626,13631,13641,13650,13656,13664,13665,13666,13673,13678,13683,13693,13701,13705,13707,13715,13716,13720,13724,13727,13729,13736,13743,13744,13746,13755,13764,13772,13775,13778,13779,13786,13790,13791,13796,13803,13811,13815,13817,13826,13830,13834,13835,13844,13846,13856,13861,13868,13869,13877,13880,13887,13892,13900,13905,13909,13913,13920,13925,13928,13934,13943,13944,13953,13959,13965,13967,13971,13978,13980,13981,13986,13991,14001,14009,14010,14018,14019,14026,14033,14035,14043,14047,14052,14059,14064,14070,14079,14087,14090,14097,14099,14104,14109,14112,14121,14125,14134,14138,14147,14157,14164,14165,14172,14173,14177,14178,14179,14183,14187,14197,14201,14209,14210,14219,14227,14234,14239,14242,14248,14254,14256,14266,14269,14278,14288,14293,14295,14299,14307,14313,14315,14319,14320,14325,14334,14336,14346,14350,14358,14365,14373,14376,14378,14380,14384,14385,14388,14392,14394,14404,14406,14415,14416,14422,14429,14432,14436,14441,14449,14456,14457,14467,14477,14487,14493,14502,14503,14509,14516,14520,14529,14537,14543,14551,14555,14564,14573,14577,14580,14581,14588,14590,14598,14605,14608,14610,14620,14624,14626,14635,14636,14645,14650,14657,14661,14665,14670,14672,14682,14691,14692,14698,14708,14714,14720,14728,14731,14739,14749,14752,14760,14761,14769,14776,14782,14785,14787,14789,14794,14802,14809,14818,14826,14836,14844,14852,14855,14862,14867,14873,14877,14878,14884,14886,14891,14896,14903,14911,14916,14922,14927,14928,14936,14937,14947,14948,14952,14961,14966,14973,14983,14986,14990,14994,15001,15005,15011,15017,15027,15033,15042,15051,15059,15063,15064,15067,15077,15079,15089,15090,15097,15102,15108,15113,15123,15125,15132,15139,15148,15153,15156,15165,15175,15177,15178,15186,15189,15191,15196,15200,15210,15216,15220,15227,15237,15246,15256,15257,15260,15266,15269,15278,15287,15295,15298,15306,15310,15315,15325,15335,15336,15340,15347,15354,15362,15367,15376,15382,15392,15397,15406,15415,15417,15419,15425,15431,15436,15437,15445,15448,15454,15459,15465,15474,15484,15494,15502,15505,15514,15520,15530,15531,15537,15544,15554,15559,15564,15573,15582,15584,15585,15587,15597,15603,15611,15612,15613,15623,15632,15641,15644,15652,15659,15662,15670,15680,15683,15691,15701,15708,15709,15714,15721,15728,15738,15740,15749,15756,15762,15772,15775,15783,15789,15795,15802,15811,15817,15824,15828,15838,15845,15850,15859,15865,15875,15881,15889,15894,15902,15908,15912,15920,15925,15928,15938,15943,15952,15953,15954,15961,15970,15973,15982,15992,15998,16003,16006,16016,16024,16034,16041,16042,16045,16055,16064,16065,16072,16079,16089,16090,16093,16101,16103,16113,16121,16130,16131,16141,16149,16158,16159,16167,16174,16178,16181,16190,16196,16205,16215,16223,16233,16235,16244,16251,16260,16269,16271,16274,16283,16285,16286,16292,16299,16308,16313,16321,16324,16327,16333,16341,16345,16350,16355,16363,16364,16367,16376,16379,16381,16383,16390,16394,16399,16407,16412,16414,16417,16427,16431,16436,16443,16448,16451,16458,16461,16468,16470,16478,16479,16488,16489,16494,16499,16503,16509,16518,16525,16534,16544,16554,16558,16568,16570,16578,16586,16593,16594,16598,16599,16600,16607,16610,16611,16612,16620,16626,16630,16631,16638,16642,16649,16655,16660,16669,16679,16686,16690,16691,16697,16701,16709,16716,16720,16724,16725,16726,16736,16745,16754,16764,16771,16772,16781,16788,16792,16799,16808,16809,16811,16820,16830,16838,16840,16849,16851,16857,16859,16868,16869,16873,16876,16886,16887,16888,16891,16894,16903,16904,16907,16911,16917,16919,16923,16926,16931,16932,16933,16939,16948,16953,16956,16960,16962,16969,16971,16973,16976,16980,16987,16989,16994,17001,17006,17013,17023,17030,17031,17035,17041,17045,17055,17056,17066,17071,17079,17088,17098,17102,17106,17112,17113,17116,17122,17131,17134,17136,17146,17147,17156,17161,17163,17170,17171,17180,17187,17194,17196,17200,17203,17208,17210,17213,17221,17230,17236,17243,17247,17249,17252,17259,17261,17271,17275,17277,17284,17290,17300,17310,17318,17327,17334,17340,17343,17351,17355,17365,17373,17383,17384,17393,17395,17404,17405,17412,17414,17424,17430,17433,17440,17447,17453,17458,17459,17461,17470,17472,17479,17485,17487,17495,17500,17505,17514,17521,17528,17529,17533,17535,17537,17546,17547,17549,17551,17554,17559,17562,17569,17574,17579,17588,17598,17599,17600,17607,17609,17612,17614,17623,17630,17639,17648,17651,17658,17664,17665,17671,17679,17686,17690,17693,17697,17699,17700,17703,17705,17706,17712,17713,17720,17726,17735,17742,17743,17751,17752,17756,17765,17772,17778,17786,17792,17798,17802,17804,17812,17821,17830,17837,17845,17850,17855,17860,17862,17866,17871,17875,17884,17891,17898,17906,17914,17917,17926,17932,17936,17938,17944,17945,17949,17954,17959,17964,17968,17969,17977,17979,17989,17999,18001,18007,18013,18021,18031,18039,18044,18048,18057,18064,18070,18071,18073,18083,18086,18089,18099,18103,18107,18116,18124,18130,18138,18147,18148,18149,18156,18160,18164,18169,18170,18178,18179,18182,18185,18194,18203,18210,18215,18225,18229,18231,18241,18245,18250,18256,18257,18263,18268,18275,18278,18284,18290,18291,18295,18301,18305,18307,18308,18312,18321,18323,18333,18340,18344,18352,18361,18363,18366,18374,18379,18388,18397,18402,18404,18410,18415,18422,18425,18429,18432,18433,18438,18443,18452,18462,18471,18478,18484,18494,18499,18508,18511,18519,18528,18533,18534,18542,18543,18551,18552,18562,18566,18568,18570,18577,18586,18592,18598,18605,18609,18611,18619,18622,18628,18638,18642,18650,18655,18663,18672,18678,18680,18688,18698,18708,18712,18714,18715,18718,18728,18733,18735,18738,18747,18755,18761,18770,18780,18790,18799,18806,18815,18818,18820,18828,18834,18839,18847,18851,18860,18861,18863,18873,18882,18883,18886,18887,18894,18895,18901,18903,18906,18913,18919,18924,18931,18934,18940,18944,18951,18960,18966,18970,18973,18981,18984,18987,18997,19005,19011,19020,19027,19034,19035,19043,19049,19051,19059,19065,19068,19069,19072,19082,19087,19096,19103,19106,19116,19120,19130,19140,19148,19155,19165,19170,19175,19179,19183,19189,19193,19201,19202,19211,19219,19220,19226,19231,19240,19247,19254,19262,19270,19276,19281,19291,19294,19303,19312,19320,19322,19329,19333,19342,19351,19357,19358,19359,19368,19370,19376,19383,19386,19395,19399,19405,19415,19425,19432,19438,19441,19443,19444,19453,19459,19465,19470,19475,19481,19485,19486,19492,19498,19503,19512,19520,19528,19529,19530,19535,19536,19543,19551,19553,19554,19556,19559,19562,19566,19567,19570,19572,19578,19587,19591,19593,19599,19605,19609,19615,19624,19627,19635,19638,19648,19653,19657,19659,19665,19674,19683,19688,19693,19702,19710,19711,19712,19714,19720,19726,19735,19742,19750,19758,19765,19773,19783,19785,19787,19794,19796,19798,19803,19810,19812,19818,19825,19827,19833,19838,19839,19840,19843,19849,19853,19863,19865,19869,19876,19883,19886,19887,19894,19902,19908,19917,19923,19926,19928,19929,19936,19939,19947,19948,19956,19966,19971,19977,19983,19989,19993,19995,20005,20007,20013,20023,20029,20038,20043,20050,20055,20063,20067,20075,20078,20086,20089,20098,20103,20106,20110,20118,20119,20128,20132,20135,20144,20146,20152,20162,20163,20171,20177,20186,20188,20192,20199,20209,20214,20220,20227,20233,20237,20245,20253,20261,20263,20271,20278,20280,20287,20292,20299,20304,20306,20308,20310,20319,20327,20333,20339,20346,20352,20355,20358,20365,20375,20384,20391,20399,20401,20408,20412,20422,20428,20431,20434,20443,20451,20455,20465,20472,20479,20486,20493,20495,20498,20508,20514,20520,20525,20533,20541,20543,20548,20550,20557,20561,20569,20577,20579,20586,20594,20599,20609,20614,20622,20629,20635,20636,20642,20644,20651,20657,20665,20669,20672,20681,20691,20700,20702,20710,20715,20720,20724,20733,20735,20743,20746,20756,20765,20769,20773,20781,20790,20800,20807,20816,20820,20826,20827,20829,20837,20838,20845,20852,20859,20868,20876,20881,20882,20888,20889,20897,20903,20906,20907,20913,20922,20932,20936,20938,20944,20954,20956,20963,20967,20977,20983,20991,21000,21003,21011,21020,21023,21033,21034,21044,21047,21054,21062,21070,21077,21085,21090,21092,21093,21103,21105,21111,21113,21121,21128,21136,21137,21138,21144,21146,21148,21149,21151,21154,21159,21161,21167,21168,21178,21181,21182,21183,21186,21193,21198,21199,21208,21211,21220,21227,21230,21237,21242,21245,21251,21253,21254,21261,21265,21273,21282,21287,21296,21300,21301,21303,21309,21318,21322,21328,21334,21340,21346,21348,21352,21360,21362,21368,21373,21377,21387,21395,21405,21407,21416,21426,21432,21442,21444,21446,21448,21457,21464,21470,21471,21473,21474,21476,21483,21484,21490,21495,21503,21512,21521,21531,21537,21542,21551,21558,21567,21573,21575,21580,21581,21583,21586,21595,21597,21601,21605,21613,21619,21621,21627,21631,21639,21640,21650,21655,21658,21661,21670,21675,21684,21689,21693,21703,21713,21718,21724,21730,21739,21744,21745,21754,21760,21763,21764,21767,21776,21781,21787,21795,21802,21811,21814,21822,21828,21836,21843,21852,21862,21867,21874,21881,21887,21888,21895,21901,21905,21913,21922,21930,21938,21939,21943,21951,21954,21955,21960,21969,21971,21975,21985,21991,22001,22006,22013,22018,22022,22032,22040,22043,22050,22057,22060,22067,22074,22083,22092,22095,22102,22110,22111,22118,22122,22126,22131,22140,22145,22147,22150,22160,22165,22175,22185,22186,22194,22200,22205,22211,22217,22220,22225,22235,22240,22244,22245,22250,22260,22261,22264,22274,22276,22282,22292,22294,22304,22307,22315,22322,22323,22328,22338,22348,22357,22367,22374,22382,22390,22391,22399,22403,22406,22409,22413,22423,22433,22441,22443,22445,22454,22455,22456,22460,22470,22473,22481,22490,22492,22498,22506,22514,22523,22528,22531,22541,22550,22554,22563,22566,22570,22574,22579,22580,22584,22594,22595,22605,22607,22614,22618,22624,22630,22638,22644,22645,22647,22651,22653,22663,22673,22674,22682,22690,22691,22693,22694,22697,22707,22708,22710,22717,22725,22734,22737,22741,22750,22752,22759,22763,22771,22779,22787,22791,22795,22796,22805,22806,22807,22817,22824,22827,22829,22837,22841,22851,22859,22867,22871,22879,22884,22892,22896,22898,22902,22903,22904,22907,22915,22922,22931,22941,22945,22947,22952,22958,22967,22977,22985,22986,22996,22998,23008,23018,23020,23030,23035,23041,23048,23051,23054,23058,23068,23073,23074,23076,23083,23088,23089,23098,23099,23108,23116,23122,23123,23126,23128,23137,23139,23149,23154,23159,23168,23170,23176,23181,23189,23194,23196,23199,23208,23214,23224,23225,23234,23235,23244,23247,23254,23263,23266,23273,23278,23280,23287,23294,23303,23311,23319,23329,23336,23343,23345,23355,23359,23363,23364,23369,23370,23374,23375,23382,23387,23394,23402,23409,23415,23423,23424,23431,23441,23451,23452,23457,23460,23470,23479,23486,23490,23495,23500,23509,23517,23526,23531,23541,23545,23555,23562,23564,23565,23575,23579,23580,23590,23596,23606,23613,23623,23628,23633,23638,23640,23643,23646,23651,23652,23653,23662,23666,23673,23680,23686,23691,23696,23704,23709,23713,23715,23721,23728,23730,23733,23743,23744,23747,23749,23757,23761,23769,23776,23782,23784,23788,23797,23798,23801,23810,23812,23819,23823,23828,23837,23847,23856,23863,23872,23877,23880,23882,23889,23897,23906,23909,23911,23921,23931,23939,23942,23943,23953,23957,23958,23966,23972,23974,23975,23978,23979,23986,23992,23998,24004,24012,24018,24028,24037,24042,24045,24054,24063,24071,24080,24085,24086,24089,24090,24094,24097,24106,24116,24124,24129,24138,24148,24151,24157,24159,24169,24172,24179,24184,24187,24191,24194,24203,24204,24207,24209,24218,24221,24223,24229,24232,24238,24246,24253,24258,24266,24274,24279,24286,24290,24291,24293,24295,24297,24298,24304,24305,24306,24314,24318,24323,24330,24333,24341,24349,24356,24358,24360,24363,24366,24375,24383,24385,24393,24402,24405,24411,24414,24419,24421,24427,24435,24437,24440,24449,24458,24462,24469,24474,24483,24486,24491,24498,24499,24509,24519,24529,24535,24544,24549,24550,24559,24564,24567,24572,24578,24582,24587,24588,24591,24600,24602,24605,24613,24616,24626,24636,24641,24651,24658,24668,24675,24676,24682,24691,24701,24706,24712,24718,24728,24732,24736,24737,24740,24750,24751,24759,24769,24773,24781,24785,24790,24791,24794,24800,24804,24805,24812,24818,24824,24825,24835,24842,24850,24860,24870,24875,24881,24888,24890,24895,24904,24913,24922,24931,24935,24943,24951,24961,24964,24968,24974,24981,24986,24990,25000,25004,25014,25022,25028,25038,25048,25054,25060,25068,25077,25083,25085,25087,25097,25106,25111,25115,25123,25125,25134,25144,25150,25151,25156,25158,25160,25168,25169,25170,25174,25184,25188,25195,25196,25201,25209,25219,25228,25230,25235,25244,25251,25252,25253,25260,25268,25273,25275,25277,25282,25284,25290,25298,25308,25313,25316,25318,25321,25323,25333,25340,25341,25348,25356,25362,25364,25374,25377,25381,25389,25390,25397,25401,25411,25416,25420,25428,25437,25441,25445,25446,25447,25453,25456,25457,25461,25467,25473,25477,25486,25492,25496,25503,25508,25514,25522,25523,25525,25533,25534,25536,25539,25542,25546,25553,25559,25564,25570,25575,25583,25590,25593,25597,25604,25612,25617,25620,25621,25622,25623,25624,25625,25626,25629,25638,25640,25647,25651,25654,25662,25663,25665,25668,25672,25678,25682,25686,25694,25698,25705,25709,25711,25715,25717,25727,25729,25739,25749,25751,25760,25768,25774,25780,25788,25796,25806,25812,25818,25825,25833,25835,25836,25842,25852,25855,25860,25867,25870,25873,25880,25888,25897,25906,25913,25919,25925,25928,25932,25937,25944,25949,25957,25967,25972,25980,25983,25988,25993,26003,26007,26010,26018,26019,26023,26027,26031,26035,26045,26053,26061,26062,26064,26069,26075,26076,26084,26092,26095,26096,26103,26108,26114,26116,26117,26120,26125,26130,26140,26147,26150,26158,26166,26171,26172,26180,26186,26188,26196,26205,26208,26218,26223,26228,26229,26232,26235,26244,26254,26261,26263,26266,26273,26280,26287,26288,26290,26299,26304,26314,26319,26321,26330,26340,26345,26348,26353,26360,26366,26370,26374,26375,26382,26390,26392,26399,26400,26408,26413,26421,26422,26425,26426,26435,26438,26442,26449,26454,26463,26469,26476,26477,26487,26497,26499,26502,26506,26511,26516,26524,26527,26528,26537,26546,26555,26558,26561,26562,26564,26567,26573,26583,26584,26594,26601,26607,26609,26611,26617,26624,26633,26640,26648,26650,26655,26665,26666,26676,26685,26688,26693,26702,26712,26720,26729,26737,26739,26740,26741,26744,26746,26755,26764,26766,26770,26778,26786,26788,26793,26800,26804,26811,26818,26827,26830,26836,26840,26847,26854,26860,26870,26877,26878,26881,26883,26890,26895,26898,26905,26915,26923,26925,26927,26930,26937,26947,26955,26956,26962,26966,26967,26971,26980,26982,26988,26989,26993,26996,26997,27006,27011,27021,27028,27034,27044,27051,27055,27056,27057,27058,27066,27072,27080,27084,27094,27103,27105,27111,27112,27118,27125,27130,27135,27136,27139,27140,27145,27149,27152,27154,27156,27162,27166,27172,27175,27182,27189,27194,27195,27197,27204,27206,27216,27217,27219,27220,27221,27223,27229,27235,27244,27254,27263,27272,27278,27282,27292,27302,27310,27318,27325,27331,27340,27350,27351,27360,27368,27375,27376,27383,27387,27397,27399,27405,27412,27413,27419,27420,27423,27431,27435,27438,27447,27454,27459,27469,27478,27485,27489,27491,27501,27511,27512,27522,27532,27540,27548,27555,27557,27566,27572,27581,27582,27583,27591,27592,27601,27606,27613,27623,27632,27637,27647,27650,27652,27662,27666,27671,27678,27680,27685,27691,27692,27702,27712,27719,27728,27734,27735,27741,27748,27752,27757,27762,27765,27767,27775,27784,27791,27798,27806,27816,27823,27833,27842,27850,27854,27861,27868,27874,27881,27891,27900,27901,27907,27912,27914,27915,27925,27935,27938,27948,27957,27963,27965,27975,27976,27985,27988,27992,27996,27997,28003,28005,28009,28011,28017,28026,28029,28037,28039,28043,28053,28056,28061,28068,28077,28087,28089,28091,28094,28104,28110,28118,28121,28129,28132,28137,28144,28150,28158,28164,28170,28178,28184,28185,28191,28200,28209,28215,28225,28235,28238,28243,28244,28254,28263,28272,28280,28283,28292,28302,28312,28322,28324,28329,28332,28340,28348,28356,28363,28364,28368,28375,28384,28394,28395,28402,28403,28412,28418,28427,28436,28442,28445,28453,28462,28465,28467,28470,28471,28477,28479,28486,28494,28503,28512,28515,28523,28532,28534,28535,28538,28546,28553,28557,28562,28566,28570,28574,28581,28590,28593,28596,28598,28600,28603,28606,28614,28617,28625,28632,28640,28647,28655,28661,28662,28670,28678,28685,28694,28703,28706,28709,28712,28714,28717,28723,28724,28731,28737,28738,28742,28749,28756,28760,28763,28765,28774,28778,28788,28794,28804,28812,28822,28825,28827,28828,28832,28842,28843,28845,28846,28849,28850,28852,28859,28866,28867,28873,28881,28882,28885,28891,28899,28908,28916,28919,28921,28928,28930,28939,28945,28946,28949,28956,28960,28967,28969,28972,28979,28986,28995,29001,29008,29015,29017,29027,29037,29044,29053,29061,29062,29063,29068,29075,29080,29085,29090,29093,29102,29110,29117,29121,29130,29133,29134,29141,29150,29152,29155,29159,29164,29174,29178,29182,29188,29194,29197,29204,29210,29220,29230,29237,29242,29252,29261,29268,29277,29284,29294,29299,29308,29310,29318,29326,29332,29335,29345,29348,29352,29355,29357,29358,29368,29370,29374,29379,29389,29397,29399,29400,29401,29402,29412,29422,29426,29436,29442,29452,29461,29470,29476,29484,29489,29491,29494,29502,29506,29512,29515,29519,29525,29532,29537,29543,29549,29556,29566,29567,29574,29581,29583,29593,29596,29599,29608,29617,29622,29630,29634,29635,29639,29646,29655,29659,29663,29669,29671,29673,29681,29686,29691,29692,29695,29701,29707,29711,29718,29720,29724,29728,29730,29734,29741,29748,29757,29764,29767,29772,29776,29783,29788,29793,29801,29802,29806,29813,29823,29826,29831,29841,29847,29857,29858,29867,29871,29873,29875,29880,29882,29889,29894,29895,29902,29910,29919,29923,29926,29929,29932,29942,29947,29952,29956,29960,29962,29964,29966,29971,29981,29990,29996,29999,30004,30005,30012,30019,30021,30031,30037,30041,30046,30049,30059,30065,30072,30075,30083,30093,30095,30099,30104,30108,30113,30123,30131,30135,30144,30154,30159,30160,30165,30175,30178,30188,30198,30199,30207,30209,30215,30220,30229,30233,30235,30242,30249,30251,30257,30263,30271,30272,30275,30280,30286,30290,30295,30304,30314,30319,30324,30333,30335,30339,30342,30345,30347,30348,30356,30366,30372,30379,30387,30388,30389,30399,30402,30412,30417,30426,30435,30436,30439,30443,30451,30452,30457,30465,30473,30479,30481,30483,30484,30489,30493,30503,30509,30517,30519,30523,30532,30539,30546,30544,30541,30535,30532,30528,30527,30519,30518,30514,30511,30509,30505,30502,30501,30496,30495,30486,30483,30480,30474,30468,30461,30459,30456,30447,30441,30431,30426,30424,30418,30416,30411,30409,30399,30392,30391,30388,30382,30381,30379,30371,30370,30364,30354,30348,30347,30341,30338,30334,30332,30330,30328,30327,30325,30317,30309,30307,30304,30299,30289,30285,30275,30267,30257,30252,30251,30246,30240,30239,30229,30220,30212,30208,30198,30194,30192,30183,30173,30166,30165,30161,30152,30148,30139,30133,30131,30129,30122,30115,30114,30105,30100,30090,30081,30080,30074,30067,30065,30056,30052,30048,30039,30031,30029,30028,30023,30014,30009,30005,29995,29987,29985,29981,29979,29978,29977,29975,29971,29965,29961,29954,29948,29942,29934,29925,29923,29917,29916,29907,29898,29890,29881,29879,29873,29866,29856,29851,29850,29842,29832,29822,29817,29809,29806,29802,29796,29794,29788,29783,29782,29776,29774,29770,29768,29761,29751,29747,29742,29733,29731,29725,29724,29721,29717,29713,29710,29706,29704,29702,29701,29697,29695,29686,29684,29677,29676,29671,29661,29652,29642,29635,29625,29619,29611,29605,29604,29594,29589,29584,29578,29575,29565,29563,29562,29557,29553,29546,29540,29535,29531,29527,29519,29512,29505,29504,29502,29493,29484,29482,29477,29474,29464,29462,29455,29453,29447,29437,29434,29426,29418,29414,29404,29397,29388,29383,29376,29375,29374,29372,29370,29368,29359,29351,29345,29342,29339,29334,29329,29320,29315,29313,29311,29301,29292,29285,29277,29275,29271,29262,29257,29249,29242,29235,29229,29219,29214,29211,29202,29194,29190,29189,29182,29176,29170,29162,29157,29147,29144,29137,29134,29125,29115,29109,29105,29103,29099,29095,29086,29079,29077,29071,29061,29054,29045,29042,29033,29030,29024,29018,29012,29003,28997,28996,28987,28982,28978,28976,28971,28962,28959,28957,28952,28947,28942,28940,28938,28936,28932,28923,28915,28914,28904,28894,28885,28878,28875,28871,28870,28862,28860,28850,28843,28837,28829,28826,28817,28811,28807,28799,28791,28786,28776,28768,28763,28758,28753,28748,28745,28744,28739,28729,28722,28718,28712,28709,28706,28704,28699,28693,28689,28681,28676,28666,28660,28653,28652,28644,28639,28631,28625,28617,28614,28610,28606,28596,28586,28584,28576,28572,28569,28561,28553,28549,28544,28542,28537,28534,28530,28527,28525,28518,28514,28505,28504,28498,28490,28480,28473,28472,28469,28467,28459,28458,28451,28447,28446,28444,28441,28433,28428,28424,28414,28409,28400,28392,28390,28381,28373,28366,28365,28358,28354,28345,28341,28331,28328,28324,28316,28310,28307,28298,28292,28288,28285,28284,28276,28269,28263,28253,28243,28236,28229,28223,28217,28211,28210,28202,28194,28192,28185,28175,28170,28168,28166,28158,28148,28147,28140,28138,28132,28128,28122,28113,28108,28101,28091,28087,28078,28070,28068,28059,28053,28044,28038,28034,28027,28023,28021,28016,28006,28001,27993,27988,27987,27979,27978,27970,27962,27955,27948,27940,27934,27930,27923,27920,27913,27906,27901,27891,27889,27888,27883,27880,27870,27867,27858,27852,27848,27846,27837,27836,27826,27817,27810,27809,27801,27793,27792,27788,27778,27775,27773,27768,27765,27755,27753,27744,27737,27733,27728,27725,27715,27705,27696,27687,27679,27672,27662,27654,27652,27642,27634,27629,27627,27626,27624,27616,27615,27606,27599,27595,27594,27592,27589,27580,27574,27568,27560,27556,27547,27538,27536,27532,27528,27526,27525,27518,27514,27512,27508,27502,27501,27491,27488,27481,27479,27472,27471,27466,27461,27452,27444,27441,27433,27430,27423,27418,27408,27398,27388,27387,27383,27375,27369,27361,27360,27355,27354,27350,27340,27336,27327,27321,27313,27307,27302,27292,27288,27287,27282,27277,27273,27264,27263,27253,27244,27236,27230,27228,27226,27223,27220,27210,27209,27208,27205,27201,27192,27191,27182,27178,27175,27173,27167,27166,27160,27156,27148,27147,27141,27136,27130,27126,27120,27113,27109,27101,27095,27090,27088,27083,27078,27070,27062,27059,27051,27049,27045,27044,27041,27038,27037,27029,27026,27020,27011,27009,27008,27001,26997,26992,26988,26979,26975,26973,26969,26960,26952,26951,26948,26944,26934,26928,26927,26925,26917,26916,26913,26907,26902,26895,26892,26891,26890,26887,26877,26875,26873,26863,26861,26853,26849,26846,26840,26834,26828,26826,26822,26818,26812,26810,26805,26803,26798,26791,26790,26783,26778,26777,26773,26763,26761,26758,26754,26747,26738,26735,26727,26720,26711,26705,26698,26693,26691,26682,26674,26665,26655,26647,26646,26638,26631,26621,26617,26616,26612,26609,26606,26603,26600,26594,26588,26582,26581,26579,26577,26569,26561,26560,26551,26549,26542,26541,26538,26528,26525,26522,26516,26512,26503,26496,26487,26486,26485,26479,26470,26460,26458,26452,26444,26434,26431,26421,26414,26411,26403,26395,26391,26390,26388,26379,26378,26369,26361,26360,26350,26349,26339,26335,26331,26324,26321,26315,26309,26307,26306,26298,26294,26284,26278,26270,26269,26260,26256,26255,26253,26250,26243,26239,26238,26235,26231,26226,26224,26217,26215,26205,26202,26196,26189,26188,26184,26183,26181,26171,26164,26158,26153,26147,26145,26139,26133,26127,26126,26119,26118,26108,26103,26101,26096,26093,26087,26080,26071,26064,26062,26054,26051,26041,26035,26026,26023,26019,26010,26001,25998,25997,25992,25988,25980,25972,25968,25961,25953,25947,25943,25933,25925,25918,25916,25909,25906,25896,25892,25889,25886,25878,25868,25860,25852,25850,25848,25845,25840,25833,25832,25828,25826,25824,25814,25809,25803,25800,25790,25781,25777,25773,25765,25763,25754,25747,25745,25743,25733,25732,25722,25718,25715,25710,25708,25699,25696,25691,25682,25675,25665,25660,25654,25647,25640,25635,25627,25621,25616,25608,25605,25600,25590,25589,25581,25577,25573,25566,25557,25556,25553,25551,25548,25540,25530,25528,25525,25518,25513,25503,25497,25492,25490,25482,25474,25465,25455,25445,25438,25434,25433,25423,25417,25410,25407,25405,25402,25398,25388,25384,25379,25373,25371,25370,25362,25355,25352,25351,25346,25336,25326,25317,25310,25308,25305,25300,25296,25286,25278,25271,25269,25260,25251,25246,25237,25229,25219,25216,25207,25199,25191,25181,25179,25171,25168,25161,25153,25146,25140,25137,25129,25124,25121,25119,25118,25109,25100,25091,25082,25075,25073,25069,25061,25058,25051,25047,25042,25037,25036,25034,25031,25027,25023,25019,25010,25009,25007,25000,24994,24987,24980,24973,24967,24958,24949,24941,24934,24928,24924,24923,24915,24908,24902,24894,24889,24879,24870,24861,24857,24848,24843,24834,24826,24817,24808,24803,24796,24789,24785,24775,24767,24761,24754,24750,24749,24740,24733,24732,24730,24725,24721,24714,24711,24701,24693,24691,24683,24678,24675,24666,24663,24662,24657,24655,24650,24647,24642,24637,24627,24621,24614,24609,24604,24594,24590,24581,24575,24569,24568,24561,24556,24550,24547,24542,24534,24530,24523,24517,24510,24502,24500,24493,24487,24477,24474,24471,24466,24458,24449,24440,24435,24428,24423,24421,24418,24413,24411,24407,24397,24388,24386,24385,24376,24373,24371,24367,24365,24363,24359,24353,24351,24346,24340,24333,24328,24322,24313,24311,24302,24294,24289,24283,24276,24266,24258,24250,24248,24246,24243,24236,24228,24224,24219,24211,24206,24200,24197,24196,24194,24184,24182,24181,24173,24163,24155,24151,24142,24133,24125,24122,24116,24113,24104,24102,24094,24087,24078,24071,24063,24053,24043,24035,24031,24029,24025,24021,24016,24010,24005,24001,23997,23991,23982,23979,23976,23970,23966,23958,23955,23947,23945,23941,23933,23927,23924,23920,23919,23912,23906,23905,23900,23898,23893,23887,23878,23877,23868,23865,23858,23850,23844,23835,23833,23831,23826,23817,23810,23803,23794,23790,23781,23775,23772,23767,23760,23754,23749,23747,23744,23737,23735,23730,23728,23721,23712,23710,23700,23691,23687,23683,23673,23664,23657,23650,23648,23647,23645,23635,23632,23626,23620,23619,23613,23608,23601,23600,23597,23594,23592,23586,23577,23570,23562,23559,23558,23549,23544,23541,23531,23522,23514,23510,23503,23497,23495,23489,23481,23475,23472,23462,23461,23453,23443,23435,23427,23426,23419,23412,23411,23402,23398,23397,23389,23383,23377,23375,23370,23363,23361,23358,23351,23347,23340,23338,23332,23327,23322,23314,23311,23301,23299,23291,23285,23282,23276,23272,23266,23262,23260,23250,23241,23231,23229,23228,23221,23219,23212,23204,23197,23190,23188,23181,23174,23166,23163,23161,23159,23158,23156,23149,23145,23138,23129,23122,23117,23114,23108,23098,23093,23083,23077,23071,23070,23066,23057,23048,23047,23046,23041,23032,23024,23023,23018,23016,23013,23012,23011,23010,23006,22996,22994,22993,22987,22982,22976,22968,22966,22960,22954,22945,22942,22938,22930,22921,22914,22904,22899,22890,22888,22885,22880,22870,22864,22857,22848,22842,22840,22832,22829,22827,22818,22810,22808,22802,22799,22792,22787,22778,22770,22769,22767,22761,22756,22755,22745,22736,22733,22727,22726,22722,22721,22717,22711,22706,22700,22697,22688,22683,22674,22670,22664,22657,22655,22649,22646,22642,22632,22623,22614,22605,22602,22595,22590,22589,22588,22586,22583,22578,22574,22567,22564,22562,22561,22560,22557,22556,22550,22547,22542,22538,22529,22523,22516,22513,22510,22502,22498,22496,22495,22493,22485,22475,22473,22470,22465,22463,22460,22458,22456,22453,22449,22447,22446,22436,22435,22428,22427,22419,22411,22410,22409,22399,22390,22389,22384,22379,22376,22374,22373,22364,22355,22350,22340,22337,22328,22322,22319,22309,22299,22293,22287,22286,22281,22276,22268,22266,22263,22262,22253,22248,22246,22241,22239,22233,22226,22225,22216,22212,22208,22204,22202,22195,22187,22183,22176,22167,22161,22154,22144,22138,22129,22125,22122,22120,22116,22113,22103,22094,22085,22080,22078,22072,22068,22064,22060,22056,22048,22042,22033,22025,22022,22018,22011,22006,21996,21990,21984,21976,21966,21965,21964,21960,21950,21940,21931,21926,21916,21906,21903,21896,21892,21882,21873,21867,21858,21848,21845,21839,21832,21831,21829,21826,21818,21817,21816,21808,21807,21806,21802,21797,21788,21784,21781,21777,21769,21768,21759,21749,21744,21743,21739,21738,21736,21735,21725,21722,21716,21712,21710,21704,21696,21692,21690,21681,21679,21677,21676,21675,21665,21655,21654,21645,21636,21630,21628,21626,21624,21615,21605,21602,21599,21591,21582,21576,21569,21562,21554,21553,21547,21540,21538,21534,21527,21522,21516,21510,21505,21495,21485,21476,21472,21468,21464,21457,21454,21453,21444,21434,21424,21416,21407,21399,21396,21391,21384,21374,21371,21370,21361,21356,21346,21345,21336,21328,21320,21310,21308,21301,21299,21292,21287,21281,21278,21271,21264,21254,21245,21240,21235,21234,21228,21221,21215,21207,21206,21203,21198,21189,21181,21180,21171,21166,21157,21151,21145,21141,21139,21134,21126,21119,21115,21106,21102,21094,21093,21088,21079,21075,21073,21064,21063,21056,21049,21045,21042,21040,21034,21026,21020,21018,21010,21009,21003,20999,20992,20990,20988,20981,20975,20969,20968,20959,20949,20947,20944,20943,20938,20937,20931,20922,20918,20915,20913,20903,20893,20883,20880,20876,20873,20864,20862,20855,20851,20848,20847,20838,20829,20824,20814,20808,20807,20803,20797,20788,20785,20775,20774,20765,20764,20761,20754,20750,20744,20738,20732,20729,20728,20719,20714,20709,20705,20695,20693,20690,20683,20677,20670,20665,20660,20658,20657,20653,20647,20641,20631,20625,20624,20622,20617,20609,20600,20595,20586,20578,20572,20570,20566,20557,20548,20540,20538,20530,20520,20518,20512,20510,20505,20500,20492,20482,20477,20474,20465,20459,20455,20446,20437,20436,20435,20425,20422,20416,20410,20400,20395,20390,20388,20386,20382,20372,20365,20358,20349,20347,20345,20336,20331,20321,20311,20309,20305,20304,20296,20286,20283,20282,20277,20270,20265,20259,20251,20241,20234,20231,20228,20226,20224,20223,20218,20215,20209,20206,20205,20199,20194,20186,20180,20172,20163,20157,20155,20149,20144,20138,20132,20129,20121,20114,20109,20104,20101,20092,20082,20081,20079,20078,20069,20065,20059,20053,20051,20049,20039,20037,20036,20033,20024,20022,20021,20017,20015,20006,20004,20000,19996,19992,19983,19979,19973,19972,19969,19960,19959,19949,19947,19946,19939,19937,19927,19926,19916,19915,19907,19898,19891,19887,19878,19873,19871,19867,19858,19853,19850,19841,19839,19833,19830,19824,19818,19810,19808,19806,19797,19789,19780,19771,19764,19761,19759,19754,19753,19748,19741,19735,19727,19720,19713,19706,19704,19700,19692,19686,19684,19679,19675,19669,19668,19667,19661,19660,19656,19655,19647,19638,19630,19622,19621,19620,19613,19606,19600,19596,19587,19577,19574,19570,19565,19555,19553,19547,19545,19536,19527,19517,19507,19498,19488,19484,19474,19467,19465,19456,19452,19446,19439,19432,19427,19426,19422,19420,19410,19401,19391,19389,19385,19378,19370,19366,19360,19358,19355,19346,19345,19342,19340,19331,19322,19313,19305,19295,19288,19285,19284,19283,19274,19273,19272,19262,19254,19250,19243,19236,19228,19223,19218,19211,19207,19197,19196,19186,19184,19176,19171,19165,19164,19156,19155,19145,19135,19126,19121,19111,19109,19100,19097,19088,19079,19073,19072,19069,19066,19063,19061,19052,19046,19043,19041,19037,19031,19024,19021,19020,19015,19008,19003,19002,18995,18991,18984,18980,18979,18969,18967,18965,18962,18957,18953,18952,18947,18944,18935,18931,18930,18920,18916,18914,18908,18902,18896,18894,18893,18887,18879,18878,18875,18872,18870,18868,18867,18864,18854,18844,18836,18829,18827,18821,18812,18803,18797,18794,18788,18779,18770,18760,18756,18747,18741,18738,18734,18731,18722,18720,18710,18701,18697,18694,18684,18681,18673,18667,18658,18649,18645,18644,18642,18637,18632,18623,18614,18605,18604,18602,18597,18588,18581,18577,18573,18569,18566,18561,18557,18553,18547,18542,18538,18531,18527,18517,18508,18502,18492,18491,18487,18477,18474,18465,18457,18455,18450,18447,18441,18436,18432,18427,18421,18411,18406,18396,18387,18385,18378,18371,18367,18357,18351,18349,18339,18331,18328,18327,18325,18323,18322,18316,18309,18299,18291,18282,18280,18271,18261,18257,18252,18249,18244,18242,18232,18230,18226,18220,18219,18218,18211,18210,18208,18203,18202,18199,18197,18195,18185,18177,18168,18163,18160,18158,18150,18148,18147,18139,18130,18120,18110,18107,18099,18090,18084,18079,18076,18066,18058,18049,18046,18039,18035,18027,18017,18016,18006,18004,17997,17991,17983,17982,17979,17970,17963,17953,17948,17940,17930,17922,17918,17908,17906,17897,17893,17892,17883,17876,17874,17869,17860,17853,17849,17845,17842,17840,17837,17831,17821,17815,17807,17804,17797,17795,17791,17789,17784,17780,17777,17775,17767,17759,17755,17747,17741,17739,17737,17729,17722,17721,17713,17705,17702,17692,17686,17677,17670,17666,17662,17661,17659,17655,17654,17652,17644,17637,17629,17624,17616,17613,17611,17602,17595,17585,17583,17574,17569,17563,17553,17552,17550,17546,17545,17544,17539,17531,17521,17516,17514,17508,17500,17494,17490,17481,17475,17471,17462,17459,17449,17441,17432,17426,17423,17422,17418,17408,17405,17396,17390,17389,17385,17376,17374,17365,17362,17354,17352,17351,17347,17346,17338,17334,17330,17320,17312,17309,17308,17305,17302,17297,17294,17290,17286,17280,17271,17262,17252,17243,17236,17228,17220,17219,17218,17209,17203,17195,17188,17181,17178,17170,17163,17160,17158,17156,17147,17144,17135,17133,17132,17131,17127,17121,17116,17107,17104,17095,17093,17090,17083,17074,17064,17063,17056,17046,17041,17038,17037,17028,17020,17012,17003,17001,17000,16991,16987,16980,16972,16965,16962,16958,16951,16943,16941,16939,16937,16933,16924,16917,16915,16909,16899,16897,16894,16892,16886,16885,16876,16867,16858,16854,16846,16844,16842,16841,16835,16834,16826,16818,16813,16810,16802,16793,16785,16775,16765,16755,16747,16745,16744,16743,16741,16733,16725,16717,16707,16697,16690,16689,16685,16678,16675,16668,16662,16652,16643,16640,16634,16625,16623,16619,16609,16605,16599,16593,16584,16574,16565,16557,16550,16542,16534,16524,16516,16509,16506,16496,16494,16484,16479,16469,16465,16458,16455,16450,16443,16436,16428,16422,16417,16410,16404,16396,16386,16378,16369,16359,16351,16344,16334,16325,16315,16310,16306,16302,16292,16287,16284,16276,16269,16262,16260,16259,16255,16245,16244,16235,16232,16224,16223,16213,16211,16204,16194,16187,16178,16177,16174,16168,16166,16160,16157,16147,16144,16135,16133,16132,16125,16116,16115,16113,16105,16096,16090,16085,16075,16072,16064,16054,16049,16045,16038,16031,16024,16014,16010,16002,15996,15994,15990,15986,15982,15973,15963,15956,15955,15950,15943,15941,15937,15934,15930,15925,15922,15917,15911,15901,15893,15887,15885,15882,15875,15868,15861,15855,15852,15843,15841,15839,15831,15827,15822,15812,15808,15806,15799,15790,15786,15784,15783,15773,15770,15763,15761,15756,15750,15746,15744,15735,15725,15724,15719,15710,15708,15702,15695,15687,15684,15678,15677,15670,15664,15654,15651,15648,15643,15638,15635,15625,15616,15614,15610,15603,15600,15597,15596,15593,15585,15575,15569,15560,15551,15549,15541,15532,15530,15522,15517,15511,15502,15492,15486,15482,15478,15468,15459,15453,15449,15443,15437,15429,15423,15419,15410,15403,15402,15401,15391,15387,15381,15375,15367,15363,15362,15359,15349,15346,15342,15333,15323,15314,15312,15302,15299,15289,15283,15276,15267,15259,15258,15248,15241,15231,15228,15219,15212,15208,15202,15196,15194,15189,15183,15173,15166,15165,15155,15148,15147,15143,15139,15136,15134,15131,15128,15127,15120,15115,15109,15100,15097,15088,15082,15075,15065,15059,15058,15056,15055,15049,15043,15033,15028,15024,15023,15016,15008,15000,14997,14991,14990,14981,14978,14970,14969,14961,14957,14948,14943,14934,14925,14917,14914,14905,14902,14894,14890,14886,14877,14869,14860,14858,14855,14852,14850,14845,14844,14842,14835,14834,14826,14822,14820,14811,14806,14799,14790,14788,14784,14782,14779,14770,14767,14762,14759,14749,14748,14743,14737,14732,14730,14728,14727,14725,14719,14714,14712,14707,14699,14694,14685,14683,14674,14669,14667,14659,14655,14651,14648,14640,14630,14621,14613,14604,14603,14599,14592,14588,14585,14576,14569,14561,14555,14552,14548,14539,14529,14522,14518,14513,14512,14507,14501,14498,14493,14491,14485,14484,14477,14473,14471,14467,14459,14457,14453,14445,14439,14432,14430,14426,14424,14421,14417,14409,14406,14397,14396,14386,14382,14378,14370,14362,14361,14359,14349,14348,14341,14333,14329,14322,14321,14313,14311,14309,14305,14300,14294,14284,14278,14272,14268,14265,14257,14253,14250,14243,14235,14230,14228,14223,14217,14215,14211,14205,14196,14188,14181,14171,14164,14159,14151,14141,14131,14123,14121,14113,14103,14094,14086,14076,14071,14070,14063,14053,14044,14043,14037,14030,14026,14021,14015,14007,14004,14000,13998,13992,13982,13981,13980,13979,13971,13967,13963,13956,13948,13943,13934,13930,13925,13918,13914,13913,13912,13907,13904,13900,13895,13887,13880,13877,13869,13865,13862,13856,13854,13849,13848,13841,13835,13828,13818,13813,13807,13799,13792,13784,13781,13780,13774,13764,13754,13746,13743,13737,13728,13725,13717,13714,13712,13704,13703,13699,13690,13688,13679,13674,13670,13664,13658,13648,13642,13641,13639,13634,13627,13626,13625,13616,13613,13606,13604,13598,13592,13586,13583,13577,13574,13565,13557,13555,13548,13539,13531,13521,13517,13516,13509,13504,13500,13498,13496,13494,13484,13483,13478,13473,13470,13467,13460,13451,13449,13447,13438,13432,13431,13428,13421,13413,13403,13399,13391,13381,13376,13375,13372,13363,13362,13355,13349,13346,13336,13328,13327,13319,13310,13303,13296,13289,13284,13277,13270,13264,13258,13250,13242,13237,13233,13223,13218,13212,13204,13203,13202,13197,13189,13179,13170,13165,13163,13162,13159,13149,13146,13137,13132,13122,13120,13112,13109,13101,13092,13084,13076,13072,13066,13061,13056,13051,13042,13040,13036,13032,13024,13014,13008,13006,13003,13001,12995,12991,12985,12980,12975,12970,12964,12956,12955,12954,12944,12936,12930,12920,12917,12910,12901,12891,12882,12877,12876,12873,12866,12856,12854,12844,12840,12838,12834,12833,12827,12819,12809,12803,12796,12789,12782,12774,12770,12768,12764,12759,12758,12756,12755,12753,12751,12745,12735,12725,12723,12717,12715,12709,12699,12694,12693,12692,12690,12682,12677,12669,12665,12659,12653,12648,12646,12642,12641,12638,12631,12629,12620,12611,12608,12603,12602,12601,12592,12587,12580,12573,12568,12560,12559,12549,12546,12545,12542,12534,12532,12526,12519,12518,12512,12502,12500,12494,12487,12481,12474,12464,12458,12456,12449,12444,12440,12430,12422,12420,12418,12414,12405,12403,12400,12390,12383,12374,12371,12366,12361,12357,12352,12348,12347,12338,12328,12325,12324,12318,12316,12306,12301,12297,12288,12287,12284,12280,12272,12265,12257,12253,12252,12244,12241,12240,12233,12230,12229,12221,12214,12206,12199,12197,12188,12178,12171,12169,12159,12149,12148,12143,12142,12135,12131,12122,12120,12112,12109,12103,12098,12097,12093,12087,12085,12081,12076,12070,12067,12059,12049,12042,12041,12033,12031,12021,12018,12016,12008,12005,11996,11994,11993,11987,11984,11979,11975,11970,11962,11960,11957,11955,11953,11951,11947,11942,11936,11929,11925,11919,11914,11905,11896,11891,11883,11877,11869,11864,11859,11850,11848,11840,11832,11822,11815,11813,11810,11808,11802,11801,11793,11788,11785,11783,11782,11772,11762,11752,11746,11741,11736,11733,11724,11716,11714,11708,11700,11695,11689,11684,11676,11670,11661,11655,11650,11644,11642,11637,11628,11623,11622,11619,11615,11605,11595,11589,11582,11573,11564,11555,11546,11542,11540,11537,11528,11527,11524,11514,11507,11499,11491,11481,11472,11465,11459,11456,11453,11446,11443,11440,11436,11435,11431,11421,11416,11412,11406,11399,11398,11393,11389,11382,11373,11365,11359,11354,11344,11336,11331,11328,11324,11323,11317,11312,11309,11300,11290,11281,11277,11274,11269,11267,11264,11261,11257,11248,11244,11240,11231,11227,11220,11213,11211,11205,11202,11192,11182,11173,11168,11160,11151,11145,11143,11136,11134,11130,11123,11115,11106,11105,11101,11099,11094,11089,11080,11073,11066,11059,11058,11054,11046,11038,11029,11026,11022,11012,11007,11005,10995,10985,10976,10966,10965,10962,10956,10949,10947,10938,10930,10920,10917,10911,10910,10902,10894,10889,10882,10878,10871,10861,10852,10842,10841,10832,10827,10820,10813,10812,10808,10805,10804,10794,10792,10789,10781,10776,10771,10763,10760,10751,10745,10740,10732,10730,10727,10722,10717,10710,10703,10695,10690,10681,10675,10670,10666,10662,10658,10656,10649,10642,10632,10631,10626,10617,10608,10603,10596,10593,10587,10581,10575,10573,10569,10562,10560,10559,10554,10552,10544,10537,10531,10525,10519,10514,10512,10507,10501,10491,10485,10482,10478,10474,10467,10461,10460,10454,10451,10444,10438,10435,10431,10424,10415,10410,10400,10394,10392,10383,10376,10375,10367,10357,10353,10345,10341,10334,10332,10329,10323,10322,10314,10305,10297,10296,10295,10290,10286,10285,10284,10280,10275,10267,10258,10254,10248,10243,10240,10238,10228,10226,10219,10209,10202,10195,10186,10179,10172,10164,10157,10147,10146,10137,10131,10126,10123,10120,10111,10103,10096,10094,10089,10080,10073,10068,10061,10060,10058,10054,10053,10052,10048,10046,10041,10033,10023,10018,10009,10005,10001,9994,9986,9976,9974,9972,9964,9958,9949,9948,9946,9945,9935,9927,9918,9912,9910,9901,9899,9893,9886,9885,9879,9872,9865,9856,9852,9847,9839,9832,9824,9819,9816,9811,9810,9801,9793,9791,9783,9782,9773,9770,9762,9754,9745,9744,9741,9739,9737,9733,9729,9728,9722,9714,9713,9710,9709,9705,9701,9694,9692,9691,9682,9677,9667,9664,9663,9655,9647,9643,9638,9635,9628,9621,9614,9611,9610,9608,9605,9602,9593,9591,9589,9584,9583,9576,9570,9561,9559,9552,9542,9534,9527,9525,9518,9509,9503,9497,9496,9493,9486,9479,9478,9470,9461,9456,9448,9444,9435,9433,9431,9424,9417,9408,9404,9399,9393,9391,9383,9382,9373,9371,9361,9358,9349,9340,9339,9331,9324,9315,9305,9304,9299,9296,9287,9285,9275,9267,9265,9257,9255,9250,9240,9230,9229,9228,9227,9224,9223,9221,9219,9217,9216,9213,9211,9201,9194,9191,9188,9182,9176,9173,9164,9158,9155,9148,9145,9136,9130,9126,9122,9115,9108,9104,9096,9093,9089,9083,9073,9064,9054,9050,9047,9040,9030,9022,9019,9009,9005,9002,8999,8993,8991,8983,8979,8973,8970,8965,8958,8950,8946,8944,8935,8933,8932,8926,8918,8910,8907,8904,8894,8890,8882,8873,8867,8862,8852,8844,8839,8833,8828,8822,8816,8814,8813,8805,8804,8794,8791,8788,8779,8775,8767,8757,8748,8740,8732,8731,8726,8718,8716,8706,8705,8704,8699,8694,8692,8690,8680,8677,8676,8674,8669,8668,8662,8661,8651,8649,8641,8638,8628,8623,8615,8609,8602,8592,8586,8583,8576,8569,8567,8560,8551,8547,8546,8541,8533,8526,8516,8510,8507,8501,8497,8491,8489,8488,8478,8474,8473,8467,8465,8464,8457,8454,8444,8438,8428,8425,8420,8418,8409,8406,8401,8397,8390,8383,8382,8375,8370,8361,8355,8353,8343,8338,8333,8327,8321,8313,8306,8305,8296,8287,8284,8281,8271,8265,8258,8254,8245,8242,8232,8222,8215,8205,8199,8190,8186,8181,8179,8173,8166,8165,8155,8154,8146,8143,8135,8131,8126,8123,8121,8117,8113,8108,8098,8092,8088,8083,8081,8079,8069,8062,8056,8047,8040,8035,8028,8020,8012,8003,8002,7998,7997,7988,7981,7972,7966,7958,7952,7946,7944,7936,7931,7926,7920,7915,7914,7912,7908,7904,7895,7889,7886,7878,7876,7867,7862,7861,7855,7851,7844,7835,7825,7820,7816,7811,7804,7802,7799,7796,7788,7780,7774,7765,7759,7757,7747,7738,7736,7726,7717,7709,7705,7702,7698,7697,7691,7685,7678,7668,7666,7660,7651,7644,7635,7625,7622,7619,7610,7603,7593,7586,7580,7573,7567,7564,7557,7548,7542,7540,7531,7527,7523,7514,7505,7502,7497,7495,7486,7477,7470,7469,7465,7456,7450,7440,7438,7428,7426,7418,7408,7398,7388,7383,7376,7366,7359,7357,7347,7345,7337,7332,7329,7319,7316,7306,7303,7301,7295,7293,7285,7279,7277,7271,7269,7262,7254,7245,7239,7233,7232,7223,7215,7207,7202,7193,7191,7188,7184,7174,7171,7162,7157,7154,7149,7148,7138,7129,7119,7110,7107,7106,7099,7091,7090,7087,7084,7080,7078,7076,7075,7067,7066,7060,7051,7042,7041,7038,7031,7022,7020,7018,7014,7005,6998,6993,6984,6975,6968,6964,6956,6949,6940,6933,6925,6916,6909,6905,6903,6902,6892,6886,6882,6879,6878,6876,6871,6867,6865,6863,6862,6861,6855,6849,6847,6841,6837,6835,6829,6824,6818,6814,6806,6803,6797,6791,6788,6782,6772,6764,6759,6751,6742,6740,6738,6730,6721,6713,6709,6708,6701,6697,6694,6692,6690,6681,6674,6665,6660,6656,6647,6642,6641,6637,6634,6632,6626,6620,6616,6606,6604,6600,6592,6587,6584,6575,6567,6563,6562,6557,6547,6544,6535,6525,6518,6515,6514,6504,6499,6498,6494,6490,6481,6479,6473,6469,6461,6459,6451,6446,6441,6436,6426,6416,6407,6406,6404,6402,6397,6393,6383,6373,6369,6363,6355,6353,6349,6340,6339,6329,6326,6318,6316,6315,6313,6310,6305,6300,6294,6293,6290,6287,6280,6271,6268,6263,6254,6245,6235,6227,6223,6217,6213,6206,6205,6201,6192,6191,6182,6177,6176,6170,6165,6158,6151,6147,6141,6131,6130,6126,6125,6123,6113,6104,6103,6095,6088,6081,6076,6074,6066,6059,6058,6056,6048,6046,6037,6035,6030,6024,6017,6007,6002,5993,5989,5981,5979,5974,5967,5966,5965,5955,5950,5946,5939,5932,5922,5913,5909,5901,5895,5886,5885,5875,5871,5861,5857,5849,5843,5838,5833]
25678