[1,3,4,8]
[[0,1],[1,2],[0,3],[3,3]]
[4,8,2,10]
[[2,3],[1,3],[0,0],[0,3]]
[4,2,3,5,5]
[[2,2],[4,4],[0,4],[4,4]]
[1,5,6,14]
[[1,3]]
[1,2,4,8,16]
[[0,4],[1,3],[2,4],[0,0],[4,4]]
[1,1000000000,2,999999999,3,999999998,4,999999997,5,1000000000]
[[0,9],[1,8],[2,7],[3,6],[4,9]]
[1,2,3,4,5,6,7,8,9,10,11,12,13,14,15,16,17,18,19,20,21,22,23,24,25,26,27,28,29,30,31,32,33,34,35,36,37,38,39,40,41,42,43,44,45,46,47,48,49,50,51,52,53,54,55,56,57,58,59,60,61,62,63,64,65,66,67,68,69,70,71,72,73,74,75,76,77,78,79,80,81,82,83,84,85,86,87,88,89,90,91,92,93,94,95,96,97,98,99,100,101,102,103,104,105,106,107,108,109,110,111,112,113,114,115,116,117,118,119,120,121,122,123,124,125,126,127,128,129,130,131,132,133,134,135,136,137,138,139,140,141,142,143,144,145,146,147,148,149,150,151,152,153,154,155,156,157,158,159,160,161,162,163,164,165,166,167,168,169,170,171,172,173,174,175,176,177,178,179,180,181,182,183,184,185,186,187,188,189,190,191,192,193,194,195,196,197,198,199,200,201,202,203,204,205,206,207,208,209,210,211,212,213,214,215,216,217,218,219,220,221,222,223,224,225,226,227,228,229,230,231,232,233,234,235,236,237,238,239,240,241,242,243,244,245,246,247,248,249,250,251,252,253,254,255,256,257,258,259,260,261,262,263,264,265,266,267,268,269,270,271,272,273,274,275,276,277,278,279,280,281,282,283,284,285,286,287,288,289,290,291,292,293,294,295,296,297,298,299,300,301,302,303,304,305,306,307,308,309,310,311,312,313,314,315,316,317,318,319,320,321,322,323,324,325,326,327,328,329,330,331,332,333,334,335,336,337,338,339,340,341,342,343,344,345,346,347,348,349,350,351,352,353,354,355,356,357,358,359,360,361,362,363,364,365,366,367,368,369,370,371,372,373,374,375,376,377,378,379,380,381,382,383,384,385,386,387,388,389,390,391,392,393,394,395,396,397,398,399,400,401,402,403,404,405,406,407,408,409,410,411,412,413,414,415,416,417,418,419,420,421,422,423,424,425,426,427,428,429,430,431,432,433,434,435,436,437,438,439,440,441,442,443,444,445,446,447,448,449,450,451,452,453,454,455,456,457,458,459,460,461,462,463,464,465,466,467,468,469,470,471,472,473,474,475,476,477,478,479,480,481,482,483,484,485,486,487,488,489,490,491,492,493,494,495,496,497,498,499,500,501,502,503,504,505,506,507,508,509,510,511,512,513,514,515,516,517,518,519,520,521,522,523,524,525,526,527,528,529,530,531,532,533,534,535,536,537,538,539,540,541,542,543,544,545,546,547,548,549,550,551,552,553,554,555,556,557,558,559,560,561,562,563,564,565,566,567,568,569,570,571,572,573,574,575,576,577,578,579,580,581,582,583,584,585,586,587,588,589,590,591,592,593,594,595,596,597,598,599,600,601,602,603,604,605,606,607,608,609,610,611,612,613,614,615,616,617,618,619,620,621,622,623,624,625,626,627,628,629,630,631,632,633,634,635,636,637,638,639,640,641,642,643,644,645,646,647,648,649,650,651,652,653,654,655,656,657,658,659,660,661,662,663,664,665,666,667,668,669,670,671,672,673,674,675,676,677,678,679,680,681,682,683,684,685,686,687,688,689,690,691,692,693,694,695,696,697,698,699,700,701,702,703,704,705,706,707,708,709,710,711,712,713,714,715,716,717,718,719,720,721,722,723,724,725,726,727,728,729,730,731,732,733,734,735,736,737,738,739,740,741,742,743,744,745,746,747,748,749,750,751,752,753,754,755,756,757,758,759,760,761,762,763,764,765,766,767,768,769,770,771,772,773,774,775,776,777,778,779,780,781,782,783,784,785,786,787,788,789,790,791,792,793,794,795,796,797,798,799,800,801,802,803,804,805,806,807,808,809,810,811,812,813,814,815,816,817,818,819,820,821,822,823,824,825,826,827,828,829,830,831,832,833,834,835,836,837,838,839,840,841,842,843,844,845,846,847,848,849,850,851,852,853,854,855,856,857,858,859,860,861,862,863,864,865,866,867,868,869,870,871,872,873,874,875,876,877,878,879,880,881,882,883,884,885,886,887,888,889,890,891,892,893,894,895,896,897,898,899,900,901,902,903,904,905,906,907,908,909,910,911,912,913,914,915,916,917,918,919,920,921,922,923,924,925,926,927,928,929,930,931,932,933,934,935,936,937,938,939,940,941,942,943,944,945,946,947,948,949,950,951,952,953,954,955,956,957,958,959,960,961,962,963,964,965,966,967,968,969,970,971,972,973,974,975,976,977,978,979,980,981,982,983,984,985,986,987,988,989,990,991,992,993,994,995,996,997,998,999,1000]
[[1,999],[2,999],[3,999],[4,999],[5,999],[6,999],[7,999],[8,999],[9,999],[10,999],[11,999],[12,999],[13,999],[14,999],[15,999],[16,999],[17,999],[18,999],[19,999],[20,999],[21,999],[22,999],[23,999],[24,999],[25,999],[26,999],[27,999],[28,999],[29,999],[30,999],[31,999],[32,999],[33,999],[34,999],[35,999],[36,999],[37,999],[38,999],[39,999],[40,999],[41,999],[42,999],[43,999],[44,999],[45,999],[46,999],[47,999],[48,999],[49,999],[50,999],[51,999],[52,999],[53,999],[54,999],[55,999],[56,999],[57,999],[58,999],[59,999],[60,999],[61,999],[62,999],[63,999],[64,999],[65,999],[66,999],[67,999],[68,999],[69,999],[70,999],[71,999],[72,999],[73,999],[74,999],[75,999],[76,999],[77,999],[78,999],[79,999],[80,999],[81,999],[82,999],[83,999],[84,999],[85,999],[86,999],[87,999],[88,999],[89,999],[90,999],[91,999],[92,999],[93,999],[94,999],[95,999],[96,999],[97,999],[98,999],[99,999],[100,999],[101,999],[102,999],[103,999],[104,999],[105,999],[106,999],[107,999],[108,999],[109,999],[110,999],[111,999],[112,999],[113,999],[114,999],[115,999],[116,999],[117,999],[118,999],[119,999],[120,999],[121,999],[122,999],[123,999],[124,999],[125,999],[126,999],[127,999],[128,999],[129,999],[130,999],[131,999],[132,999],[133,999],[134,999],[135,999],[136,999],[137,999],[138,999],[139,999],[140,999],[141,999],[142,999],[143,999],[144,999],[145,999],[146,999],[147,999],[148,999],[149,999],[150,999],[151,999],[152,999],[153,999],[154,999],[155,999],[156,999],[157,999],[158,999],[159,999],[160,999],[161,999],[162,999],[163,999],[164,999],[165,999],[166,999],[167,999],[168,999],[169,999],[170,999],[171,999],[172,999],[173,999],[174,999],[175,999],[176,999],[177,999],[178,999],[179,999],[180,999],[181,999],[182,999],[183,999],[184,999],[185,999],[186,999],[187,999],[188,999],[189,999],[190,999],[191,999],[192,999],[193,999],[194,999],[195,999],[196,999],[197,999],[198,999],[199,999],[200,999],[201,999],[202,999],[203,999],[204,999],[205,999],[206,999],[207,999],[208,999],[209,999],[210,999],[211,999],[212,999],[213,999],[214,999],[215,999],[216,999],[217,999],[218,999],[219,999],[220,999],[221,999],[222,999],[223,999],[224,999],[225,999],[226,999],[227,999],[228,999],[229,999],[230,999],[231,999],[232,999],[233,999],[234,999],[235,999],[236,999],[237,999],[238,999],[239,999],[240,999],[241,999],[242,999],[243,999],[244,999],[245,999],[246,999],[247,999],[248,999],[249,999],[250,999],[251,999],[252,999],[253,999],[254,999],[255,999],[256,999],[257,999],[258,999],[259,999],[260,999],[261,999],[262,999],[263,999],[264,999],[265,999],[266,999],[267,999],[268,999],[269,999],[270,999],[271,999],[272,999],[273,999],[274,999],[275,999],[276,999],[277,999],[278,999],[279,999],[280,999],[281,999],[282,999],[283,999],[284,999],[285,999],[286,999],[287,999],[288,999],[289,999],[290,999],[291,999],[292,999],[293,999],[294,999],[295,999],[296,999],[297,999],[298,999],[299,999],[300,999],[301,999],[302,999],[303,999],[304,999],[305,999],[306,999],[307,999],[308,999],[309,999],[310,999],[311,999],[312,999],[313,999],[314,999],[315,999],[316,999],[317,999],[318,999],[319,999],[320,999],[321,999],[322,999],[323,999],[324,999],[325,999],[326,999],[327,999],[328,999],[329,999],[330,999],[331,999],[332,999],[333,999],[334,999],[335,999],[336,999],[337,999],[338,999],[339,999],[340,999],[341,999],[342,999],[343,999],[344,999],[345,999],[346,999],[347,999],[348,999],[349,999],[350,999],[351,999],[352,999],[353,999],[354,999],[355,999],[356,999],[357,999],[358,999],[359,999],[360,999],[361,999],[362,999],[363,999],[364,999],[365,999],[366,999],[367,999],[368,999],[369,999],[370,999],[371,999],[372,999],[373,999],[374,999],[375,999],[376,999],[377,999],[378,999],[379,999],[380,999],[381,999],[382,999],[383,999],[384,999],[385,999],[386,999],[387,999],[388,999],[389,999],[390,999],[391,999],[392,999],[393,999],[394,999],[395,999],[396,999],[397,999],[398,999],[399,999],[400,999],[401,999],[402,999],[403,999],[404,999],[405,999],[406,999],[407,999],[408,999],[409,999],[410,999],[411,999],[412,999],[413,999],[414,999],[415,999],[416,999],[417,999],[418,999],[419,999],[420,999],[421,999],[422,999],[423,999],[424,999],[425,999],[426,999],[427,999],[428,999],[429,999],[430,999],[431,999],[432,999],[433,999],[434,999],[435,999],[436,999],[437,999],[438,999],[439,999],[440,999],[441,999],[442,999],[443,999],[444,999],[445,999],[446,999],[447,999],[448,999],[449,999],[450,999],[451,999],[452,999],[453,999],[454,999],[455,999],[456,999],[457,999],[458,999],[459,999],[460,999],[461,999],[462,999],[463,999],[464,999],[465,999],[466,999],[467,999],[468,999],[469,999],[470,999],[471,999],[472,999],[473,999],[474,999],[475,999],[476,999],[477,999],[478,999],[479,999],[480,999],[481,999],[482,999],[483,999],[484,999],[485,999],[486,999],[487,999],[488,999],[489,999],[490,999],[491,999],[492,999],[493,999],[494,999],[495,999],[496,999],[497,999],[498,999],[499,999],[500,999],[501,999],[502,999],[503,999],[504,999],[505,999],[506,999],[507,999],[508,999],[509,999],[510,999],[511,999],[512,999],[513,999],[514,999],[515,999],[516,999],[517,999],[518,999],[519,999],[520,999],[521,999],[522,999],[523,999],[524,999],[525,999],[526,999],[527,999],[528,999],[529,999],[530,999],[531,999],[532,999],[533,999],[534,999],[535,999],[536,999],[537,999],[538,999],[539,999],[540,999],[541,999],[542,999],[543,999],[544,999],[545,999],[546,999],[547,999],[548,999],[549,999],[550,999],[551,999],[552,999],[553,999],[554,999],[555,999],[556,999],[557,999],[558,999],[559,999],[560,999],[561,999],[562,999],[563,999],[564,999],[565,999],[566,999],[567,999],[568,999],[569,999],[570,999],[571,999],[572,999],[573,999],[574,999],[575,999],[576,999],[577,999],[578,999],[579,999],[580,999],[581,999],[582,999],[583,999],[584,999],[585,999],[586,999],[587,999],[588,999],[589,999],[590,999],[591,999],[592,999],[593,999],[594,999],[595,999],[596,999],[597,999],[598,999],[599,999],[600,999],[601,999],[602,999],[603,999],[604,999],[605,999],[606,999],[607,999],[608,999],[609,999],[610,999],[611,999],[612,999],[613,999],[614,999],[615,999],[616,999],[617,999],[618,999],[619,999],[620,999],[621,999],[622,999],[623,999],[624,999],[625,999],[626,999],[627,999],[628,999],[629,999],[630,999],[631,999],[632,999],[633,999],[634,999],[635,999],[636,999],[637,999],[638,999],[639,999],[640,999],[641,999],[642,999],[643,999],[644,999],[645,999],[646,999],[647,999],[648,999],[649,999],[650,999],[651,999],[652,999],[653,999],[654,999],[655,999],[656,999],[657,999],[658,999],[659,999],[660,999],[661,999],[662,999],[663,999],[664,999],[665,999],[666,999],[667,999],[668,999],[669,999],[670,999],[671,999],[672,999],[673,999],[674,999],[675,999],[676,999],[677,999],[678,999],[679,999],[680,999],[681,999],[682,999],[683,999],[684,999],[685,999],[686,999],[687,999],[688,999],[689,999],[690,999],[691,999],[692,999],[693,999],[694,999],[695,999],[696,999],[697,999],[698,999],[699,999],[700,999],[701,999],[702,999],[703,999],[704,999],[705,999],[706,999],[707,999],[708,999],[709,999],[710,999],[711,999],[712,999],[713,999],[714,999],[715,999],[716,999],[717,999],[718,999],[719,999],[720,999],[721,999],[722,999],[723,999],[724,999],[725,999],[726,999],[727,999],[728,999],[729,999],[730,999],[731,999],[732,999],[733,999],[734,999],[735,999],[736,999],[737,999],[738,999],[739,999],[740,999],[741,999],[742,999],[743,999],[744,999],[745,999],[746,999],[747,999],[748,999],[749,999],[750,999],[751,999],[752,999],[753,999],[754,999],[755,999],[756,999],[757,999],[758,999],[759,999],[760,999],[761,999],[762,999],[763,999],[764,999],[765,999],[766,999],[767,999],[768,999],[769,999],[770,999],[771,999],[772,999],[773,999],[774,999],[775,999],[776,999],[777,999],[778,999],[779,999],[780,999],[781,999],[782,999],[783,999],[784,999],[785,999],[786,999],[787,999],[788,999],[789,999],[790,999],[791,999],[792,999],[793,999],[794,999],[795,999],[796,999],[797,999],[798,999],[799,999],[800,999],[801,999],[802,999],[803,999],[804,999],[805,999],[806,999],[807,999],[808,999],[809,999],[810,999],[811,999],[812,999],[813,999],[814,999],[815,999],[816,999],[817,999],[818,999],[819,999],[820,999],[821,999],[822,999],[823,999],[824,999],[825,999],[826,999],[827,999],[828,999],[829,999],[830,999],[831,999],[832,999],[833,999],[834,999],[835,999],[836,999],[837,999],[838,999],[839,999],[840,999],[841,999],[842,999],[843,999],[844,999],[845,999],[846,999],[847,999],[848,999],[849,999],[850,999],[851,999],[852,999],[853,999],[854,999],[855,999],[856,999],[857,999],[858,999],[859,999],[860,999],[861,999],[862,999],[863,999],[864,999],[865,999],[866,999],[867,999],[868,999],[869,999],[870,999],[871,999],[872,999],[873,999],[874,999],[875,999],[876,999],[877,999],[878,999],[879,999],[880,999],[881,999],[882,999],[883,999],[884,999],[885,999],[886,999],[887,999],[888,999],[889,999],[890,999],[891,999],[892,999],[893,999],[894,999],[895,999],[896,999],[897,999],[898,999],[899,999],[900,999],[901,999],[902,999],[903,999],[904,999],[905,999],[906,999],[907,999],[908,999],[909,999],[910,999],[911,999],[912,999],[913,999],[914,999],[915,999],[916,999],[917,999],[918,999],[919,999],[920,999],[921,999],[922,999],[923,999],[924,999],[925,999],[926,999],[927,999],[928,999],[929,999],[930,999],[931,999],[932,999],[933,999],[934,999],[935,999],[936,999],[937,999],[938,999],[939,999],[940,999],[941,999],[942,999],[943,999],[944,999],[945,999],[946,999],[947,999],[948,999],[949,999],[950,999],[951,999],[952,999],[953,999],[954,999],[955,999],[956,999],[957,999],[958,999],[959,999],[960,999],[961,999],[962,999],[963,999],[964,999],[965,999],[966,999],[967,999],[968,999],[969,999],[970,999],[971,999],[972,999],[973,999],[974,999],[975,999],[976,999],[977,999],[978,999],[979,999],[980,999],[981,999],[982,999],[983,999],[984,999],[985,999],[986,999],[987,999],[988,999],[989,999],[990,999],[991,999],[992,999],[993,999],[994,999],[995,999],[996,999],[997,999],[998,999]]
[100,200,300,400,500,600,700,800,900,1000,1100,1200,1300,1400,1500]
[[0,14],[5,10],[2,8],[7,13],[0,7]]
