[20]
100
[21,28]
100
[14,52,97]
100
[35,45,52,53,55,57,69,73,94,98]
100
[2,4,8,13,14,16,17,20,21,23,25,27,31,32,36,37,39,40,41,42,43,45,46,48,49,51,52,56,61,64,66,68,69,70,71,75,76,77,78,80,84,85,86,88,93,95,96,97,98,100]
100
[1,2,5,7,8,9,10,11,14,15,16,18,21,23,24,25,26,28,29,30,32,34,35,36,37,38,39,40,41,42,43,44,46,47,48,50,53,54,55,57,58,60,61,62,63,64,66,67,70,71,72,73,74,75,76,78,79,80,81,82,83,84,86,88,89,90,91,92,93,94,96,97,98,99,100]
100
[1,2,3,4,5,6,7,8,9,10,11,12,13,14,15,16,17,18,19,20,21,22,23,24,25,26,27,28,29,30,31,32,33,34,35,36,37,38,39,40,41,42,43,44,45,46,47,48,49,50,51,52,53,54,55,56,57,58,59,60,61,62,63,64,65,66,67,68,69,70,71,72,73,74,75,76,77,79,80,81,82,83,84,85,86,87,88,89,90,91,92,93,94,95,96,97,98,99,100]
100
[1,2,3,4,5,6,7,8,9,10,11,12,13,14,15,16,17,18,19,20,21,22,23,24,25,26,27,28,29,30,31,32,33,34,35,36,37,38,39,40,41,42,43,44,45,46,47,48,49,50,51,52,53,54,55,56,57,58,59,60,61,62,63,64,65,66,67,68,69,70,71,72,73,74,75,76,77,78,79,80,81,82,83,84,85,86,87,88,89,90,91,92,93,94,95,96,97,98,99,100]
100