[501]
[803,4340,4338,4001,4003]
[1413,8456,8454,6641,null,6643,6645,7066,7064,7062,7060]
[2035,5312,null,8297,null,6284,6282,1717,1719,1721,null,6580,6578,6576,null,6574,null,1625,1627,1629]
[661,2432,2430,407,null,409,411,null,6576,6574,6572,6570,null,4407,null,null,4409,4411,4413,null,4415,556,null,554,552,550,548]
[1751,400,398,5357,5359,5361,null,3660,null,3658,3656,3654,3652,277,279,281,283,285,null,287,null,289,null,9756,9754,9752,9750,9748,9746,9744]
[637,7464,7462,null,3957,3959,3961,8086,null,8084,8082,null,8080,4075,4077,4079,4081,4083,4085,4087,4089,8136,8134,null,8132,8130,8128,null,8126,8124,8122,8120,8118,8116,8114,8112,null,3411,3413,null,3415,null,3417,3419,3421,3423,3425,3427,3429,3431,3433,3435,null,3437,3439,null,3441,3443,null,3445,3447,null,3449,null,3536,3534,3532,3530,3528,3526,3524,3522,3520,3518,3516,3514,3512,null,3510,3508,3506,3504,null,3502,null,3500,null,3498,null,3496,3494,3492,3490,null,3488,3486,3484,3482,null,3480,3478,null,3476,null,3915,3917,3919,null,3921,3923,null,3925,3927,3929,3931,3933,3935,3937,3939,3941,3943,3945,3947,3949]
[3537,8758,8756,3189,null,3191,3193,null,9320,9318,9316,null,9314,9355,9357,9359,9361,9363,9365,9367,null,null,8214,8212,8210,8208,8206,8204,8202,null,8200,8198,8196,null,8194,null,3481,3483,3485,3487,null,3489,3491,null,3493,3495,null,3497,3499,3501,null,3503,3505,3507,3509,3511,null,4694,null,4692,4690,4688,null,4686,4684,null,4682,4680,null,null,4678,4676,4674,4672,null,4670,4668,4666,4664,4662,4660,4658,4656,4654,4652,4650,4648,4646,4644,5757,null,5759,5761,5763,5765,5767,5769,null,5771,5773,null,5775,null,5777,null,5779,5781,null,5783,null,5785,5787,5789,5791,5793,null,5795,5797,5799,5801,null,5803,null,5805,5807,5809,5811,5813,5815,5817,5819,5821,5823,5825,5827,5829,null,5831,null,5833,5835,956,954,null,952,950,948,946,944,942,null,null,940,938,936,934,932,930,928,926,null,null,924,922,null,920,null,918,916,914,912,910,null,908,null,null,906,904,902,900,null,null,898,896,894,892,890,null,888,886,884,882,880,null,878,null,876,874,null,872,null,870,868,866,864,null,862,null,860,858,856,854,null,852,850,848,846,844,842,840,null,7231,7233,7235,7237,null,7239,7241,7243,7245,7247,null,7249,7251,null,7253,null,7255,7257,null,7259,7261,null,7263,7265,7267,7269,7271,7273,7275,7277,null,7279,7281,7283,7285,7287,7289,7291,7293,null,7295,null,7297,7299,7301,7303,7305,7307,7309,null,7311,7313,7315,7317,7319,7321,7323,7325,7327,7329,7331,null,7333,null,7335,7337,7339,7341,null,7343,7345,7347,7349,7351,null,7353,null,7355,7357,7359,7361,7363,7365,7367,7369,7371,7373,7375,7377,7379,7381,null,7383,7385,7387,7389,null,7391,7393,7395,null,7397,7399,7401,7403,7405,7407,7409,null,7411,7413,null,7415,null,7417,7419,null,7421,476,474,472,470,468,466,464,462,null,460,458,456,null,454,452,450,448,null,null,446,444,442,440,438,436,null,434,432,430,428,426,null,null,424,422,420,418,416,414,412,410,408,406,null,404,402,400,398,396,null,394,392,390,null,388,null,386,384,null,382,380,378,null,376,374,372,370,368,366,364,362,null,360,358,356,354,352,350,348,null,346,344,null,342,340,null,null,338,336,null,334,null,332,330,328,null,326,null,324,322,null,320,318,316,314,312,null,310,308,null,null,306,304,302,300,null,298,296,294,null,292,null,290,288,286,284,282,280,278,null,276,274,null,272,270,268,null,266,264,262,260,null,258,256,null,254,null,252,250,null,248,null,246,null,244,null,242,240,238,null,236,234,null,232,230,228,226,224,222,null,220,218,216,null,214,212,210,208,null,206,204,null,202,200,null,198,null,196,194,null,null,192,1973,1975,1977,1979,null,1981,null,1983,1985,1987,null,1989,1991,1993,1995,null,1997,1999,2001,2003,2005,2007,2009,2011,2013,2015,2017,2019,2021,null,2023,2025,2027,2029,2031,2033,2035,null,null,2037,2039,2041,2043,2045,2047,null,2049,null,2051,2053,2055,2057,2059,2061,null,2063,2065,2067,2069,null,null,2071,2073,null,null,2075,2077,2079,2081,null,null,2083,2085,2087,null,2089,2091,2093,2095,2097,2099,null,2101,null,2103,2105,2107,2109,2111,2113,2115,2117,2119,2121,2123,null,2125,null,2127,2129,2131,2133,null,2135,2137,2139,2141,2143,2145,2147,2149,2151,null,2153,2155]
[42]
[3662,3589,null,3684,3686,7125,7123,7121,null,6326,6328,null,6330]
[3352,null,5763,null,6130,5715,5713,8090,8090,8090,8090,9389]
[2322,9181,9183,5862,5860,null,5858,4047,4049,4051,null,4053]
[3418,8151,8153,9896,9896,null,9896,null,6841,6843,6845,6845]
[321,8796,8798,1999,1997,null,1995,8608,null,8610,8612,8614]
[607,null,678,297,null,5558,5560,4221,4219,4219,null,3262,3262]
[3091,8118,null,null,9043,9264,9262,7069,null,7071,7071,6186,null,6186]