[-70,1]
[0,0]
[1,1]
[-99,-80]
[0,0]
[1,1]
[-22,-22]
[0,0]
[1,1]
[-100,-42,-19,-45,83,-63,70,77,6,-89,-97,28,61,41,-16,-18,-67,40,-58,93,-56,-4,37,-62,1,-49,-29,-13,-55,53,26,-66,64,-39,97,81,-3,-19,-76,-83,81,-33,-18,52,79,-53,81,-81,-28,-7,-78,51,-47,-23,46,74,-75,48,-50,83,-9,-71,48,36,-57,-54,44,-56,75,69,10,-26,-36,8,55,13,97,-63,91,-37,42,49,21,99,81,-74,39,-75,-100,-6,44,-89,-53,-40,97,65,-97,83,-66,-95,58,-94,92,-94,81,-74,-59,-97,95,61,-59,63,-37,-91,67,55,-47,92,58,7,-89,32,-32,79,-48,-53,75,-26,-93,-39,43,-97,-36,-55,-31,-56,-10,57,-17,38,94,-71,-59,-75,-91,-17,41,-68,80,-39,26,-81,53,-93,-71,32,75,-78,-88,69,-27,91,51,7,93,45,-63,-12,11,-79,-59,54,41,19,14,38,90,13,-27,-7,61,32,88,-23,68,-94,53,-32,-37,-81,-54,-84,-99,-19,-87,-88,79,28,-70,-33,100,-89,46,-10,29,-8,88,22,99,-61,-18,81,7,3,-30,-63,-63,78,-26,-75,2,41,-24,84,79,-59,5,-43,-60,-30,-59,-90,59,-85,72,-76,-99,-37,-13,17,46,58,45,80,27,-32,-21,22,-78,79,21,-73,-14,74,-31,25,-100,-61,37,-65,-29,-51,-56,97,56,-65,-70,-5,72,25,-31,100,5,-44,53,-41,-17,-15,37,-77,-96,-61,-57,38,-95,-64,-50,-89,-96,-59,-75,7,48,95,-21,-71,93,45,30,-20,-8,1,28,-84,-13,94,86,-4,89,26,-45,-2,-94,-2,-67,-19,29,-46,23,52,79,-66,45,-8,-4,-81,-81,-16,71,-85,79,30,79,-30,-89,-61,-58,77,-78,-13,32,3,45,23,25,70,-79,73,-64,64,59,98,-78,57,13,-65,5,94,36,93,75,-76,75,77,-93,48,34,-60,-8,83,-91,-23,-58,-75,-28,27,45,-80,-91,13,-38,15,-36,38,-55,-30,24,79,99,-13,-60,22,62,40,32,-51,87,-78,28,99,15,58,-72,-95,-65,14,-93,15,24,55,81,-95,-15,97,97,-65,-31,-21,-8,-51,92,-43,77,-56,-43,-48,-29,-55,76,-82,35,-79,88,13,-87,68,93,-73,-100,-27,-76,87,-57,69,79,52,-77,43,-67,29,24,-12,-63,57,-23,17,9,-89,-30,-66,90,40,-14,22,-47,62,93,82,79,-71,-65,-87,73,-74,-25,37,-92,18,57,23,33,-70,-31,78,96,51,98,22,5,-9,64,-11,77,-8,58,-58,-93,-75,-59,-80]
[183,305,337,266,457,423,451,388,80,417,83,28,294,127,197,131,46,313,46,470,71,171,479,115,17,226,162,301,20,43,110,158,22,133,407,283,342,97,402,4,166,147,49,474,142,436,363,376,28,117,130,376,185,479,221,145,370,469,337,254,29,321,208,169,417,380,154,76,315,439,213,57,285,77,332,198,359,56,51,441,130,336,233,249,278,318,367,451,356,495,302,196,446,182,250,103,111,148,464,118,144,61,289,441,148,18,281,242,495,344,190,122,307,277,4,424,210,89,203,471,452,234,379,181,12,5,467,311,330,266,126,295,495,125,47,248,135,232,35,145,97,4,340,296,195,427,261,473,255,3,60,270,28,238,124,298,125,383,295,288,3,372,358,26,447,334,5,193,27,59,349,271,270,367,220,133,106,315,147,173,441,260,283,163,270,291,53,38,384,281,30,387,345,300,133,88,263,358,208,102,10,101,37,358,5,188,180,162,416,251,353,483,360,495,231,291,462,430,39,246,47,251,320,427,323,189,437,452,243,181,200,482,121,293,300,105,209,321,245,405,319,325,334,214,80,430,323,62,65,177,267,190,145,71,132,178,215,364,31,111,215,93,277,287,450,360,281,287,462,492,234,226,9,81,164,419,418,224,170,457,486,153,117,385,123,202,471,353,245,90,149,49,385,452,491,256,204,134,434,116,41,19,236,16,80,444,48,485,82,352,260,371,203,484,19,391,31,0,454,248,431,256,66,466,410,117,473,51,186,243,213,224,293,147,303,302,115,242,448,237,402,170,67,495,82,371,338,361,10,212,24,391,302,454,72,129,367,358,223,263,253,269,254,282,82,31,132,59,345,108,250,199,132,301,268,114,73,115,432,362,232,397,319,140,168,14,265,101,166,464,54,234,90,208,250,57,9,315,171,185,19,465,288,325,6,450,339,495,434,94,372,305,25,248,332,430,376,114,64,92,126,115,283,156,418,65,64,365,240,363,440,428,14,53,462,320,239,200,366,491,274,33,344,442,398,348,20,194,72,422,201,224,268,323,3,255,193,455,278,333,21,310,55,330,204,217,330,199,398,370,405,163,467,214,239,429,283,385,476,414,312,391,473,203,355,49,483,266,313,454,437,347,241,221,128,10,77,380,134,246]
[184,307,340,271,460,428,457,392,85,428,95,33,308,136,200,148,54,317,64,480,88,178,483,131,43,247,167,319,30,68,133,170,32,138,441,314,352,112,429,6,172,182,86,499,154,454,367,422,72,160,149,385,222,495,236,185,422,493,355,289,66,373,211,217,425,394,180,117,381,447,274,82,352,125,388,244,406,98,85,497,170,373,287,264,344,328,372,479,415,499,344,205,474,229,254,133,174,233,484,165,173,71,383,499,215,34,301,304,499,373,253,172,388,278,36,438,298,103,217,491,495,343,456,254,73,115,480,389,380,366,205,319,496,140,73,253,172,277,174,260,202,5,410,307,301,457,323,478,274,26,162,271,81,355,213,396,214,391,298,313,51,487,382,43,488,373,34,257,132,192,479,316,314,480,382,283,136,444,313,244,455,436,457,288,392,364,219,214,485,433,72,451,448,350,306,145,285,445,347,110,59,156,92,385,29,382,188,218,465,331,379,496,405,498,446,319,481,496,248,463,153,276,412,434,354,221,468,498,248,241,412,496,144,377,445,172,270,433,456,488,493,326,435,275,165,476,350,218,125,374,442,352,267,229,243,240,435,447,163,197,358,192,293,380,488,418,385,397,474,496,440,413,66,323,187,425,438,442,214,485,494,235,395,411,153,360,497,399,407,141,171,63,427,472,494,362,424,373,490,132,236,209,429,26,216,480,54,493,156,374,445,435,495,490,242,463,296,22,456,371,483,445,382,491,428,145,474,185,335,324,340,399,444,315,349,381,320,348,493,450,449,444,164,498,256,404,351,405,295,361,165,492,436,460,415,141,465,494,425,264,494,280,419,403,279,80,326,91,444,417,485,231,182,481,308,433,381,464,485,427,340,410,355,279,179,164,493,390,362,466,393,440,304,439,448,401,51,399,431,329,61,497,389,336,389,490,400,497,449,124,478,348,173,467,426,448,485,257,435,497,440,304,340,257,463,368,236,414,251,400,470,476,422,256,494,390,259,398,450,496,368,43,470,480,406,421,262,406,283,425,308,356,416,457,18,399,255,460,291,410,338,494,66,354,269,393,450,395,473,491,497,471,494,330,326,491,378,446,486,446,487,499,493,269,456,192,495,327,401,459,495,458,367,316,421,488,119,419,399,462]
[-100,-21,56,135,213,291,369,447,525,602,680,759,837,915,993,1070,1148,1227,1305,1383,1460,1538,1616,1695,1773,1850,1928,2006,2084,2162,2241,2318,2396,2474,2553,2631,2709,2787,2864,2942,3021,3099,3176,3255,3333,3410,3488,3567,3644,3723,3801,3879,3957,4035,4113,4191,4269,4347,4425,4502,4580,4659,4737,4815,4892,4970,5048,5126,5205,5283,5361,5438,5517,5595,5673,5751,5828,5907,5984,6062,6140,6219,6297,6375,6453,6531,6609,6686,6764,6843,6920,6998,7076,7155,7232,7311,7388,7466,7545,7623,7700,7778,7857,7935,8012,8090,8169,8246,8325,8402,8480,8559,8636,8714,8792,8871,8948,9027,9105,9182,9261,9338,9416,9495,9573,9650,9729,9807,9885,9963,10041,10118,10196,10275,10352,10431,10508,10586,10665,10743,10821,10898,10977,11055,11132,11210,11288,11366,11445,11523,11600,11678,11757,11834,11912,11991,12068,12147,12225,12303,12380,12458,12537,12615,12693,12770,12848,12926,13005,13083,13160,13238,13316,13395,13472,13551,13629,13707,13785,13863,13940,14018,14096,14174,14252,14331,14409,14487,14564,14643,14720,14798,14877,14954,15032,15111,15189,15267,15345,15423,15500,15579,15656,15734,15813,15890,15968,16046,16124,16203,16280,16358,16436,16515,16592,16671,16748,16827,16905,16982,17060,17139,17217,17295,17372,17450,17529,17606,17685,17762,17841,17919,17996,18074,18153,18231,18308,18387,18465,18543,18620,18698,18777,18854,18933,19010,19088,19166,19244,19322,19400,19478,19556,19634,19713,19791,19868,19946,20025,20103,20181,20258,20337,20415,20493,20570,20648,20726,20804,20882,20961,21039,21116,21194,21272,21350,21428,21507,21584,21663,21741,21818,21897,21975,22053,22130,22209,22287,22365,22442,22520,22598,22676,22755,22833,22910,22989,23067,23144,23222,23300,23379,23457,23534,23613,23691,23768,23846,23924,24002,24080,24158,24237,24315,24392,24471,24548,24627,24705,24783,24861,24939,25016,25095,25173,25250,25328,25406,25484,25563,25641,25719,25796,25875,25953,26030,26108,26187,26265,26343,26421,26498,26577,26654,26732,26811,26889,26967,27044,27122,27200,27279,27356,27435,27513,27591,27669,27746,27825,27903,27981,28059,28137,28214,28293,28371,28449,28527,28604,28683,28761,28838,28917,28995,29073,29151,29228,29307,29385,29462,29540,29619,29697,29775,29852,29931,30008,30087,30165,30242,30321,30399,30476,30554,30633,30711,30789,30866,30944,31023,31101,31178,31256,31334,31412,31490,31569,31646,31724,31802,31881,31958,32037,32115,32193,32270,32349,32426,32505,32582,32661,32738,32817,32895,32972,33050,33129,33207,33284,33363,33441,33518,33596,33675,33753,33830,33909,33986,34064,34143,34220,34298,34376,34454,34533,34610,34689,34766,34845,34922,35001,35079,35156,35235,35312,35390,35469,35546,35625,35703,35781,35859,35936,36015,36093,36171,36248,36327,36405,36482,36560,36638,36717,36794,36872,36950,37029,37106,37185,37262,37340,37419,37496,37574,37653,37730,37808,37886,37965,38042,38121,38199,38276,38355,38433,38510,38588,38667,38745,38823]
[325,119,68,384,100,36,183,498,95,104,255,439,281,140,454,207,133,338,14,192,167,19,492,58,233,56,487,248,12,38,347,139,73,303,441,68,135,132,74,35,334,85,87,395,297,155,478,157,252,270,408,361,165,101,96,443,76,241,80,308,406,198,108,259,171,303,264,10,73,293,271,333,280,313,20,404,336,485,215,380,71,279,19,371,263,58,372,197,5,239,120,29,29,81,91,205,20,171,59,280,243,140,154,417,209,135,435,461,334,149,270,182,312,244,316,145,412,144,242,35,461,132,346,213,415,75,487,423,31,481,107,351,100,271,367,412,476,257,248,165,224,367,21,195,431,353,469,155,316,402,164,399,456,450,493,192,441,85,124,399,358,104,214,365,255,308,98,448,303,368,29,164,445,4,309,192,348,285,287,225,252,271,389,455,231,27,282,18,142,236,432,77,237,457,271,24,482,359,366,263,451,264,18,280,470,409,342,235,193,213,113,136,202,201,245,268,309,279,103,84,38,36,275,199,174,379,307,200,155,212,489,166,405,151,92,395,63,229,215,12,262,255,194,385,401,417,50,96,144,104,50,111,408,43,427,53,394,234,103,327,204,10,198,196,458,492,31,365,53,183,179,451,461,435,0,464,375,160,438,221,47,411,43,282,309,102,433,95,166,108,272,322,109,430,480,46,339,80,229,256,297,388,16,326,166,49,221,409,243,158,94,317,27,134,16,376,247,177,134,45,452,15,254,348,385,458,307,399,277,441,230,380,201,171,340,35,84,182,323,389,397,263,431,490,36,467,297,60,380,347,29,475,392,233,94,317,86,241,223,430,258,137,11,274,229,256,269,396,364,8,304,29,331,122,195,383,297,424,112,385,197,255,304,421,182,64,223,359,466,120,417,34,410,311,452,111,255,29,109,376,17,103,342,483,102,274,44,448,42,493,116,495,28,11,437,100,127,0,409,128,134,142,183,86,82,49,358,42,283,436,11,250,37,136,371,152,159,58,269,195,154,344,223,348,265,149,58,90,209,431,281,57,178,214,346,415,317,238,287,395,394,83,223,332,110,185,259,286,327,77,248,239,44,408,60,320,282,157,276,141,40,12,85,177,151,373,406,304,375,81,215,34,20,445,87,231,410,104,25,333]
[326,121,71,389,102,37,189,499,100,107,258,446,293,155,459,221,150,357,33,199,183,37,493,60,251,79,497,270,13,45,348,143,84,310,447,70,161,152,89,36,350,89,125,412,335,175,494,188,274,304,423,378,214,141,140,479,102,291,104,343,444,240,132,313,177,346,283,14,75,329,319,395,337,336,74,420,349,498,278,418,133,349,49,435,278,70,421,209,39,275,209,80,61,134,155,230,42,178,135,339,340,227,236,477,286,225,450,495,357,155,359,193,359,247,357,194,416,224,350,36,462,204,429,247,491,198,492,435,143,487,185,447,228,363,402,483,497,360,339,282,285,483,155,279,486,478,470,284,429,483,240,465,490,492,498,317,455,174,275,465,438,148,273,474,285,340,198,452,437,476,47,168,487,134,379,334,413,303,318,287,312,289,491,481,326,58,438,170,286,257,495,254,394,472,460,87,495,427,378,280,461,276,188,450,495,418,417,290,229,342,273,173,221,374,302,458,325,338,263,225,147,183,279,423,386,425,436,365,271,230,498,227,439,275,242,425,259,252,251,41,450,386,421,498,443,452,207,265,170,195,139,134,426,170,464,159,444,318,207,375,243,170,205,381,472,496,219,429,111,412,399,480,477,456,210,476,416,210,459,413,83,450,54,376,389,339,434,332,359,117,411,340,319,471,497,169,463,151,458,437,449,457,116,476,177,352,429,449,385,346,338,318,98,312,116,490,487,363,394,254,497,237,457,457,472,459,439,440,300,496,487,397,206,338,461,321,324,189,381,448,444,310,477,491,246,494,442,361,447,376,71,494,448,461,204,322,353,459,229,499,433,197,66,421,381,439,330,397,457,228,339,390,456,219,464,416,345,497,159,496,355,326,379,443,322,347,311,361,480,162,453,87,434,432,458,346,275,370,193,419,123,404,497,485,178,348,53,475,313,497,348,499,170,399,497,150,146,94,420,229,404,442,215,413,366,208,474,49,361,438,296,474,273,310,458,155,256,174,421,309,418,404,266,431,475,497,241,189,325,494,293,205,188,474,402,442,346,489,380,431,454,101,476,388,232,404,389,356,444,425,323,470,188,410,442,397,394,173,484,497,459,52,482,464,321,413,496,480,443,87,496,291,255,469,488,365,422,343,269,435]
[10,10,10,10,10,10,10,10,10,10,10,10,10,10,10,10,10,10,10,10,10,10,10,10,10,10,10,10,10,10,10,10,10,10,10,10,10,10,10,10,10,10,10,10,10,10,10,10,10,10,10,10,10,10,10,10,10,10,10,10,10,10,10,10,10,10,10,10,10,10,10,10,10,10,10,10,10,10,10,10,10,10,10,10,10,10,10,10,10,10,10,10,10,10,10,10,10,10,10,10,10,10,10,10,10,10,10,10,10,10,10,10,10,10,10,10,10,10,10,10,10,10,10,10,10,10,10,10,10,10,10,10,10,10,10,10,10,10,10,10,10,10,10,10,10,10,10,10,10,10,10,10,10,10,10,10,10,10,10,10,10,10,10,10,10,10,10,10,10,10,10,10,10,10,10,10,10,10,10,10,10,10,10,10,10,10,10,10,10,10,10,10,10,10,10,10,10,10,10,10,10,10,10,10,10,10,10,10,10,10,10,10,10,10,10,10,10,10,10,10,10,10,10,10,10,10,10,10,10,10,10,10,10,10,10,10,10,10,10,10,10,10,10,10,10,10,10,10,10,10,10,10,10,10,10,10,10,10,10,10,10,10,10,10,10,10,10,10,10,10,10,10,10,10,10,10,10,10,10,10,10,10,10,10,10,10,10,10,10,10,10,10,10,10,10,10,10,10,10,10,10,10,10,10,10,10,10,10,10,10,10,10,10,10,10,10,10,10,10,10,10,10,10,10,10,10,10,10,10,10,10,10,10,10,10,10,10,10,10,10,10,10,10,10,10,10,10,10,10,10,10,10,10,10,10,10,10,10,10,10,10,10,10,10,10,10,10,10,10,10,10,10,10,10,10,10,10,10,10,10,10,10,10,10,10,10,10,10,10,10,10,10,10,10,10,10,10,10,10,10,10,10,10,10,10,10,10,10,10,10,10,10,10,10,10,10,10,10,10,10,10,10,10,10,10,10,10,10,10,10,10,10,10,10,10,10,10,10,10,10,10,10,10,10,10,10,10,10,10,10,10,10,10,10,10,10,10,10,10,10,10,10,10,10,10,10,10,10,10,10,10,10,10,10,10,10,10,10,10,10,10,10,10,10,10,10,10,10,10,10,10,10,10,10,10,10,10,10,10,10]
[497,317,320,135,430,161,322,444,476,30,211,346,114,417,368,167,385,427,215,192,18,237,137,425,59,415,207,1,404,110,453,34,353,475,1,275,479,11,70,61,465,442,463,119,490,90,305,347,377,298,283,247,219,482,139,495,43,487,218,241,16,462,365,89,405,107,291,152,495,151,336,55,49,302,374,415,171,124,141,50,286,177,280,195,262,425,52,476,257,69,299,16,213,121,466,287,324,211,211,282,398,18,99,370,163,482,224,352,235,193,352,390,343,147,143,466,158,51,467,388,86,498,29,381,152,302,115,374,359,336,431,466,161,214,83,278,477,442,210,223,129,321,487,290,89,267,89,427,90,299,457,182,170,92,425,226,490,197,346,55,125,430,35,71,161,291,458,276,189,132,163,436,31,32,315,265,234,216,264,466,427,79,98,393,353,410,243,113,1,82,353,332,411,251,43,268,408,154,371,166,129,307,373,130,111,432,103,372,41,477,149,368,104,169,153,387,103,316,302,79,198,371,66,136,286,161,430,223,375,30,488,236,300,239,328,275,26,264,488,492,45,17,82,356,14,33,400,183,162,261,350,356,467,252,76,305,228,381,458,110,409,204,361,195,252,48,141,421,222,9,389,230,272,244,39,391,139,174,479,316,351,381,260,214,173,416,318,443,497,244,197,218,58,383,9,486,74,303,394,224,201,296,111,124,472,432,378,466,379,294,495,7,319,453,465,157,362,11,308,363,484,32,343,33,408,306,116,406,439,286,348,134,237,328,208,138,69,291,194,181,392,378,144,70,487,328,429,352,416,292,66,301,411,201,14,108,458,261,413,27,38,180,366,59,424,9,385,349,238,265,40,116,245,40,495,498,272,282,481,459,255,237,498,18,142,395,1,9,422,403,125,53,2,116,32,373,444,119,291,269,120,227,377,155,336,114,191,92,86,123,43,368,252,11,351,286,168,70,89,110,497,7,107,493,306,72,344,207,66,364,113,378,150,299,261,264,426,84,35,154,0,457,285,0,483,163,175,148,339,385,119,25,212,267,273,432,94,369,260,78,223,103,262,348,311,329,300,45,219,295,176,36,301,401,498,404,337,439,56,238,94,115,461,62,252,240,289,344,303,383,404,418,49,81,381,93,324,443,22,339]
[499,319,324,137,432,168,325,446,484,32,217,352,118,423,382,168,391,437,227,210,36,250,156,438,75,440,225,13,405,122,471,62,365,481,5,296,490,44,95,85,477,457,491,142,494,96,306,357,405,303,297,273,250,484,165,499,57,493,262,257,41,468,366,152,421,141,346,196,496,153,381,65,121,323,436,462,227,144,199,121,343,218,327,210,342,482,59,485,308,145,387,96,267,174,479,345,331,301,260,326,495,119,195,385,180,485,238,425,306,290,389,442,410,165,179,482,175,65,486,394,132,499,75,402,180,328,143,434,409,467,495,499,246,329,154,287,498,467,320,261,242,374,494,344,159,288,233,469,143,319,458,325,270,209,430,256,496,285,385,76,260,472,157,210,200,357,468,439,332,146,224,469,79,97,377,362,302,309,349,498,466,250,204,452,383,419,321,228,185,93,403,465,496,357,103,465,488,235,475,183,200,308,447,225,124,497,268,445,198,478,217,397,190,175,219,443,243,413,363,115,319,475,100,268,399,169,478,379,448,163,494,304,316,412,432,349,204,436,489,499,183,71,131,440,127,177,466,291,214,267,470,394,498,316,292,430,464,463,472,166,458,448,477,376,343,230,154,458,426,145,441,342,373,258,85,498,212,288,499,337,446,412,353,386,192,447,473,458,498,358,345,231,145,477,93,494,90,462,448,253,415,415,200,314,481,476,392,497,412,456,499,54,463,464,487,192,456,48,457,454,497,139,495,170,451,439,165,441,468,330,446,333,286,400,318,200,354,470,412,281,463,434,156,113,488,352,461,486,435,338,296,481,474,442,353,119,497,362,446,143,361,406,467,237,487,310,447,384,259,318,329,123,370,348,499,499,351,327,492,476,436,432,499,207,496,425,118,211,488,496,440,240,116,432,259,499,453,391,495,497,247,322,456,198,427,259,393,283,409,137,292,400,366,71,431,303,375,285,173,113,499,277,356,495,448,324,422,491,483,453,290,469,239,362,297,347,484,389,292,404,391,466,310,70,499,390,298,176,447,486,368,69,394,450,319,440,456,460,268,199,341,293,388,482,337,479,385,155,458,341,328,353,353,489,499,486,410,472,111,350,395,291,491,364,468,472,422,392,410,483,466,424,194,293,458,106,436,498,344,370]