[40000,39999,40001,39999,40001,39999,40001,39998,40002,39996,40002,39995,40002,39995,40003,39995,40003,39994,40004,39994,40004]
0
0
[50000,1000000,50286,937590,149237,922047,225201,919442,347953,845985,360602,827333,431540,766505,443857,753764,485558,719293,527161,628036,549150]
21050
9
[20000,1,15724,1,191155,1,762365,353751,1000000,143555,163904,1,401025,1,177639,1,16935,1,540054,109986,297374]
2312627
1
[70000,901145,283087,500166,489644,590981,336788,1000000,105846,278867,1,605301,1,593249,1,861847,1]
17399
4
[10000,9999,9998,9997,9996,9995,9994,9993,9992,9991,9990,9989,9988,9987,9986,9985,9984,9983,9982,9981,9980,9979,9978,9977,9976,9975,9974,9973,9972,9971,9970,9969,9968,9967,9966,9965,9964,9963,9962,9961,9960,9959,9958,9957,9956,9955,9954,9953,9952,9951,9950,9949,9948,9947,9946,9945,9944,9943,9942,9941,9940,9939,9938,9937,9936,9935,9934,9933,9932,9931,9930,9929,9928,9927,9926,9925,9924,9923,9922,9921,9920,9919,9918,9917,9916,9915,9914,9913,9912,9911,9910,9909,9907,9905,9903,9901,9899,9897,9895,9893,9891,9889,9887,9885,9883,9881,9879,9877,9875,9873,9871,9869,9867,9865,9863,9861,9859,9857,9855,9853,9851,9849,9847,9845,9843,9841,9839,9837,9835,9833,9831,9829,9827,9825,9823,9821,9819,9817,9815,9813,9811,9809,9807,9805,9803,9801,9799,9797,9795,9793,9791,9789,9787,9785,9783,9781,9779,9777,9775,9773,9771,9769,9767,9765,9763,9761,9759,9757,9755,9753,9751,9749,9747,9745,9743,9741,9739,9737,9735,9733,9731,9729,9727,9725,9723,9721,9719,9717,9715,9713,9711,9709,9707,9705,9703,9701,9699,9696,9693,9690,9687,9684,9681,9678,9675,9672,9669,9666,9663,9660,9657,9654,9651,9648,9645,9642,9639,9636,9633,9630,9627,9624,9621,9618,9615,9612,9609,9606,9603,9600,9597,9594,9591,9588,9585,9582,9579,9576,9573,9570,9567,9564,9561,9558,9555,9552,9549,9546,9543,9540,9537,9534,9531,9528,9525,9522,9519,9516,9513,9510,9507,9504,9501,9498,9495,9492,9489,9486,9483,9480,9477,9474,9471,9468,9465,9462,9459,9456,9453,9450,9447,9444,9441,9438,9435,9432,9429,9426,9423,9420,9417,9414,9411,9408,9405,9402,9399,9396,9393,9390,9387,9384,9381,9378,9374,9370,9366,9362,9358,9354,9350,9346,9342,9338,9334,9330,9326,9322,9318,9314,9310,9306,9302,9298,9294,9290,9286,9282,9278,9274,9270,9266,9262,9258,9254,9250,9246,9242,9238,9234,9230,9226,9222,9218,9214,9210,9206,9202,9198,9194,9190,9186,9182,9178,9174,9170,9166,9162,9158,9154,9150,9146,9142,9138,9134,9130,9126,9122,9118,9114,9110,9106,9102,9098,9094,9090,9086,9082,9078,9074,9070,9066,9062,9058,9054,9050,9046,9042,9038,9034,9030,9026,9022,9018,9014,9010,9006,9002,8998,8994,8990,8986,8982,8978,8974,8970,8966,8962,8958,8954,8950,8946,8942,8938,8934,8930,8926,8922,8918,8914,8910,8906,8902,8898,8894,8890,8885,8880,8875,8870,8865,8860,8855,8850,8845,8840,8835,8830,8825,8820,8815,8810,8805,8800,8795,8790,8785,8780,8775,8770,8765,8760,8755,8750,8745,8740,8735,8730,8725,8720,8715,8710,8705,8700,8695,8690,8685,8680,8675,8670,8665,8660,8655,8650,8645,8640,8635,8630,8625,8620,8615,8610,8605,8600,8595,8590,8585,8580,8575,8570,8565,8560,8555,8550,8545,8540,8535,8530,8525,8520,8515,8510,8505,8500,8495,8490,8485,8480,8475,8470,8465,8460,8455,8450,8445,8440,8435,8430,8425,8420,8415,8410,8405,8399,8393,8387,8381,8375,8369,8363,8357,8351,8345,8339,8333,8327,8321,8315,8309,8303,8297,8291,8285,8279,8273,8267,8261,8255,8249,8243,8237,8231,8225,8219,8213,8207,8201,8195,8189,8183,8177,8171,8165,8159,8153,8147,8141,8135,8129,8123,8117,8111,8105,8099,8093,8087,8081,8075,8069,8063,8057,8051,8045,8039,8033,8027,8021,8015,8009,8003,7997,7991,7985,7979,7973,7967,7961,7955,7949,7943,7937,7931,7925,7919,7913,7907,7901,7895,7889,7883,7877,7871,7865,7859,7852,7845,7838,7831,7824,7817,7810,7803,7796,7789,7782,7775,7768,7761,7754,7747,7740,7733,7726,7719,7712,7705,7698,7691,7684,7677,7670,7663,7656,7649,7642,7635,7628,7621,7614,7607,7600,7593,7586,7579,7572,7565,7558,7551,7544,7537,7530,7523,7516,7509,7502,7495,7488,7481,7474,7467,7460,7453,7446,7439,7432,7425,7418,7411,7404,7397,7390,7383,7376,7369,7362,7355,7348,7341,7334,7327,7320,7313,7306,7299,7292,7285,7278,7271,7264,7257,7249,7241,7233,7225,7217,7209,7201,7193,7185,7177,7169,7161,7153,7145,7137,7129,7121,7113,7105,7097,7089,7081,7073,7065,7057,7049,7041,7033,7025,7017,7009,7001,6993,6985,6977,6969,6961,6953,6945,6937,6929,6921,6913,6905,6897,6889,6881,6873,6865,6857,6849,6841,6833,6825,6817,6809,6801,6793,6785,6777,6769,6761,6753,6745,6737,6729,6721,6713,6705,6697,6689,6681,6673,6665,6657,6649,6641,6633,6625,6617,6609,6601,6593,6585,6577,6569,6561,6553,6545,6537,6529,6521,6513,6505,6497,6489,6480,6471,6462,6453,6444,6435,6426,6417,6408,6399,6390,6381,6372,6363,6354,6345,6336,6327,6318,6309,6300,6291,6282,6273,6264,6255,6246,6237,6228,6219,6210,6201,6192,6183,6174,6165,6156,6147,6138,6129,6120,6111,6102,6093,6084,6075,6066,6057,6048,6039,6030,6021,6012,6003,5994,5985,5976,5967,5958,5949,5940,5931,5922,5913,5904,5895,5886,5877,5868,5859,5850,5841,5832,5823,5814,5805,5796,5787,5778,5769,5760,5751,5742,5733,5724,5715,5706,5697,5688,5679,5670,5661,5652,5643,5634,5625,5616,5607,5598,5589,5580,5571,5562,5553,5544,5535,5526,5516,5506,5496,5486,5476,5466,5456,5446,5436,5426,5416,5406,5396,5386,5376,5366,5356,5346,5336,5326,5316,5306,5296,5286,5276,5266,5256,5246,5236,5226,5216,5206,5196,5186,5176,5166,5156,5146,5136,5126,5116,5106,5096,5086,5076,5066,5056,5046,5036,5026,5016,5006,4996,4986,4976,4966,4956,4946,4936,4926,4916,4906,4896,4886,4876,4866,4856,4846,4836,4826,4816,4806,4796,4786,4776,4766,4756,4746,4736,4726,4716,4706,4696,4686,4676,4666,4656,4646,4636,4626,4616,4606,4596,4586,4576,4566,4556,4546]
0
0
[70000,1000000,2055,999792,2189,996090,3177,995739,5684,992862,7279,992677,8214,992388,9522,991591,10778,989973,10979,989393,11558,987776,12413,987095,13330,986843,13762,986313,14198,984266,15117,981963,16442,981762,16680,978683,18279,978187,20314,975357,20973,974758,21332,974606,21465,974249,21751,974087,31386,973545,32400,973430,32620,969479,33063,969248,33326,968569,33824,968437,36255,965205,36974,964642,37508,964190,37960,957328,39438,956978,39838,956942,41525,956095,42936,955458,43985,954153,44228,953623,45295,953616,45318,953264,46337,952884,47239,952061,48339,951044,48902,950846,49393,949045,50769,948891,51742,948741,53320,948320,53389,946964,54181,944179,54642,942650,55298,942390,55625,941875,56563,941548,57652,940479,59711,938524,60168,936822,60219,936583,60289,935002,60722,934823,62297,934008,62674,933068,64811,932377,65769,929179,66287,928880,66893,927984,67943,927781,68555,926355,69295,926054,69501,925393,70598,924596,70765,924176,71057,924042,71422,920789,78221,920532,78786,917114,78933,915309,80577,915235,80714,915078,82953,914581,82961,914410,83483,912710,83791,912503,84736,910527,86246,910003,91864,909361,93116,908817,93857,908308,95565,908196,96531,907226,98370,904609,98473,904204,100846,903277,102059,902509,102438,902332,103032,902143,103639,901855,103936,901458,104453,900850,104699,900688,106764,900582,108533,898018,109826,897625,110290,897404,110612,896874,113062,896626,113169,894335,113377,894287,114727,891435,115120,889854,115152,889617,116231,888439,116730,888125,118110,886593,119822,886306,120455,885178,120735,884661,121066,883010,121702,882984,121848,882894,122961,881530,123432,880706,124117,879025,126261,878818,127383,877859,129546,877162,131645,876810,134253,875736,135032,873617,138422,873157,141245,871419,142477,871169,145374,870933,147616,869565,147705,867738,148491,866464,149440,864495,149489,863847,150137,862163,151102,861439,151256,861433,151630,857607,153876,857603,154798,854698,154988,852993,155602,852254,155980,850704,156932,846551,157372,846392,158437,843353,158964,842578,159875,841632,160936,840771,162068,839138,162885,836756,166238,835942,171075,835224,171439,834283,171623,833886,171880,831931,172410,829482,173295,829249,173849,829057,177592,828821,178270,827114,179525,826919,179831,826085,180558,825501,181397,824773,181534,823714,182584,823213,183000,822410,183021,821030,183708,820378,184551,818931,186831,818355,187884,817078,187983,816779,188636,816018,189257,815461,190075,815416,192672,815288,192866,814858,193783,814571,194139,813353,196153,812201,197860,811179,198032,809766,199155,809115,199988,808631,200275,808184,202962,805928,203143,805868,203290,804292,203809,803525,204245,803148,205425,803061,209849,802895,212066,801779,212321,799362,215121,799177,217875,798458,219026,797769,219722,797707,220556,797247,221532,796037,222030,794762,222422,791996,225896,791911,226245,790688,226376,790126,226522,789219,226678,788174,227079,787798,227226,786032,227767,785474,230139,785455,230182,784021,232310,783271,233231,783176,233897,782071,234106,779178,234116,777068,235857,776021,236802,773699,237371,773347,237954,772208,239493,771067,241388,770449,242074,770211,242323,770009,242382,769608,243000,769389,243351,767847,244365,767448,245539,767081,246153,766346,247024,765268,248313,764800,250979,764294,251215,764175,251976,761425,252639,760997,252726,758740,253292,757914,254004,757859,255400,757732,257544,756406,258312,755002,259342,753906,262294,753123,262785,752606,264164,751379,264984,751026,268348,749915,269654,749406,270647,749215,271600,748960,273135,748850,275098,747110,275356,746650,278205,746355,278918,745920,280107,745903,280881,744926,281214,744705,282266,741219,285240,739304,287807,737265,287932,737049,288052,736646,289273,736178,290309,735471,292080,732783,292081,731921,292505,731150,293451,729888,293530,728795,293760,727546,295096,727400,295214,725791,295596,720297,297351,720067,297484,720056,298255,717901,298569,717845,299459,717053,299855,715237,301016,712569,301324,712147,302857,712046,303167,710993,303393,709419,304304,709005,304597,707564,305450,705174,306731,701842,307287,701054,307509,700822,307725,699949,309307,699353,310338,697816,311282,697315,311648,697247,313733,696790,314776,696492,316161,696343,317859,694275,319549,693466,321083,691806,321505,690377,323266,690358,323715,689606,324572,688805,325117,688371,326622,687266,328485,686176,329994,684459,330312,683952,334722,680504,335860,678371,336143,677548,338183,677158,338391,677064,340302,676067,340868,675022,341919,674373,342809,674119,343074,673849,344205,666138,346004,665264,346911,664539,347845,663545,348556,662414,349780,662269,351489,662014,351742,661338,351936,658348,355215,657384,355266,654833,355732,654567,355924,654281,356561,652416,357444,651038,357511,649952,357525,649217,357582,648904,357678,647989,357722,646294,358379,645621,358433,642424,359005,642104,359461,640718,362802,640317,364874,636353,365236,636350,367124,635640,367174,635133,367206,635027,367691,634147,369312,632363,372952,631907,374031,630639,374523,630088,374690,629829,377263,628546,377601,627924,377829,625064,378436,623724,378804,622870,378869,622719,380598,622698,381440,621690,382714,621400,382793,620782,382845,619868,383247,619862,383475,618668,384637,618029,385609,616858,387667,616706,388379,616399,389467,616131,389777,616029,392801,615772,393083,615758,393467,614590,393923,614435,394677,613874,397019,612753,398393,611766,399322,611349,399400,610681,402627,609029,403699,607177,405186,606209,406053,604580,407831,604130,408781,603323,408953,603189,411251,602591,413457,602531,414438,601670,415057,601642,415438,600712,417253,600683,417729,599705,418526,598923,418863,598317,419219,597942,419269,596634,421015,596446,421338,596007,422495,594881,422760,594002,423199,592620,424552,592446,424666,590813,424942,590772,425670,589069,427805,588928,428928,587210,428951,586224,429123,586030,429468,584413,432432,583487,432540,580450,432679,579938,432936,579301,436566,578973,439084,578699,439443,576624,440659,575825,441730,575252,442485,575065,442513,574460,443179,572385,445112,572208,445454,571536,446068,571199,446772,570253,447262,570058,447323,565636,447754,565400,447915,563186,449756,562357,450232,562319,451224,561461,451734,560743,451799,560434,455454,558922,455804,558839,457547,557932,459242,557296,459332,556493,460499,556250,461707,555359,463971,555170,464153,554884,464851,554486,467648,553890,468751,553726,469884,551510,470957,550291,471415,548111,471947,547092,472820,544579,474795,544456,475503,542850,475531,538740,476106,537896,477591,537654,477621,535073,477646,535048,477862,533739,478266,532590,480137,532030,480833,531972,483634,530172,488550,529902,489639,528517,490250,528363,490522,527417,492810,525416,496744,523804,496926,523558,497729,520800,498050,519090,498486,516520,500240,515927,500472,515597,501406,514649,505384,513462,505725,513297,506673,512697,506781,512631,506902,512507,507732,511088,510972]
341
926
[70000,1,344324,213279,289920,1,561578,1,272745,209782,832640,617291,876753,348257,424574,86284,266739,252619,567843,1,530357,162392,985179,184703,522996,1,697129,668281,785526,240909,688774,1,778803,231495,600788,1,601712,179679,630869,252068,704983,259733,334316,1,491830,1,595939,120087,555305,1,789153,779289,1000000,102269,409596,1,665764,1,112120,1,926095,847649,1000000,463998,490837,205736,680573,468915,1000000,953161,1000000,398482,1000000,336947,540380,1,381303,1,665697,629096,1000000,507818,1000000,235627,949444,305479,781466,488332,872982,214799,666043,572800,1000000,697714,1000000,216143,715760,1,357994,1,953382,931032,1000000,467319,1000000,390515,942965,794126,1000000,479028,982400,241512,376852,1,356076,1,315613,1,915704,280189,951968,394757,824692,149,230066,1,562302,1,479572,1,190051,1,928250,467981,837908,551269,767249,246323,1000000,244686,382695,1,473045,163473,657181,448467,473527,320145,995117,42041,747734,551444,1000000,635442,785108,1,733378,390968,1000000,929831,1000000,161324,999768,464918,953232,793304,1000000,750740,1000000,803399,1000000,4202,714397,1,467848,115760,509289,135389,432960,1,245547,155959,765841,436685,1000000,811391,1000000,598368,867774,348579,611673,1,162046,1,259632,1,232334,1,435009,1,683406,618266,1000000,653403,1000000,198253,597579,99277,814638,780870,1000000,308466,921652,479531,959912,767299,1000000,15717,112991,1,926007,791629,906714,589380,1000000,73358,995777,26625,1000000,667360,1000000,873999,1000000,904484,949347,824090,1000000,208112,431770,1,746960,1,962626,35497,661171,136169,558536,1,80937,1,952042,70622,82850,1,351729,231137,717952,1,157892,1,533424,457854,1000000,220072,776317,722417,819092,443959,1000000,349962,1000000,859805,995080,774772,1000000,402327,891133,535992,1000000,429297,540104,1,751996,1,89944,1,561427,1,445786,1,107972,103655,566127,1,205529,146629,776316,1,48832,1,527202,1,175816,1,630485,1,516777,1,807504,33609,54916,1,684719,472881,861280,1,76816,1,837357,42514,510786,1,912442,642326,1000000,149425,333369,1,691392,453756,589346,528204,1000000,152473,712383,353274,883884,868697,1000000,276766,681408,117426,346859,1,779554,1,583820,1,551545,154202,752940,182690,1000000,609175,859636,13085,869220,607584,984937,1,423165,1,103695,82708,660322,1,121095,3470,462805,179641,523802,1,591517,203091,671106,1,240728,1,218369,55675,1000000,728301,1000000,534299,1000000,356037,609684,1,762999,153734,848453,1,379915,1,799607,1,126663,1,944501,875765,1000000,373178,482566,429896,605369,1,469339,248973,847964,364545,1000000,789276,1000000,217320,464266,1,986556,425729,670197,383293,1000000,210679,581459,1,735664,1,302386,98056,889827,879832,1000000,969117,1000000,878190,1000000,34494,1000000,819723,904315,606336,1000000,978305,1000000,428558,1000000,197418,236261,1,751153,368641,951223,838163,1000000,14946,570192,1,81819,1,124666,1,233347,1,927818,199449,588875,528228,1000000,873098,1000000,850777,1000000,506492,801124,1,503639,1,171522,96225,199977,15599,688644,1,675519,1,846419,473239,729062,1,46389,1,660430,629033,927574,161422,977351,173167,747730,1,81776,1,119295,1,38503,1,886764,88337,1000000,675525,1000000,588397,1000000,266982,658672,450760,1000000,913513,1000000,671522,757242,204270,468964,1,646924,322134,790730,465924,1000000,136776,286706,1,868043,97185,1000000,781987,828550,1,308619,18914,185303,1,651326,1,7758,1,279735,1,778123,476656,796747,1,466354,1,578912,1,211788,1,975929,661562,1000000,521094,1000000,848160,1000000,597219,1000000,110439,772390,1,211906,1,501218,437386,1000000,539505,1000000,271826,679820,1,605037,1,263023,1,722039,19963,948854,745162,1000000,910611,1000000,961198,1000000,58762,239015,1,526615,396234,636165,166014,1000000,726513,1000000,449131,997094,747898,880051,1,423541,1,811735,1,51455,1,698717,365320,1000000,531977,672132,1,913137,825552,1000000,176716,877875,1,704759,509400,675555,489974,1000000,804336,1000000,970164,1000000,167751,697182,1,505481,1,41169,1,473765,1,254237,194082,683936,1,659326,1,744612,1,951541,224379,572297,1,680687,1,288130,58754,372980,1,598580,392150,1000000,703948,986939,882931,1000000,140060,920372,681666,1000000,173347,976186,405294,1000000,350720,695492,540808,1000000,576559,628025,1,824481,1,848631,159366,633237,484744,1000000,446359,551658,1,875786,32589,307649,13167,755692,106616,452634,52383,872369,742816,1000000,541764,1000000,750299,1000000,1394,682817,372408,1000000,164644,960619,308032,886482,480335,1000000,298145,617862,1,673268,13320,750993,34555,62081,1,648597,1,477396,202049,422497,1,541258,1,164859,1,676675,629266,1000000,382701,1000000,202930,279418,190122,813548,1,852856,317167,1000000,458558,1000000,22496,27028,1,578180,356211,1000000,44948,91038,19142,583647,220896,1000000,470682,847764,186537,1000000,714072,1000000,533803,864166,379171,831406,1,482130,219580,829263,1,862520,752684,1000000,657605,1000000,990869,1000000,309739,723922,447612,1000000,591584,759093,402985,1000000,34484,857796,666023,1000000,643938,1000000,127664,941346,328971,1000000,495901,815426,173460,918978,537347,735683,58887,988059,548387,1000000,628809,846584,229513,725952,715883,839962,1,658601,1,837480,585514,673412,23548,80498,1,225024,1,563972,143330,194841,1,991135,125206,891284,864471,1000000,486482,1000000,497784,1000000,1777,335202,1,322959,22265,947701,329687,950622,770758,1000000,971253,1000000,281255,714872,383585,1000000,604422,1000000,538947,824902,183417,708590,1,485013,1,550653,1,983345,920229,1000000,157718,273903,1,397391,153209,498716,237393,514897,510725,868434,1,166011,1,989825,640860,1000000,760478,1000000,960585,1000000,895180,1000000,440376,1000000,966919,1000000,713904,937657,698568,1000000,588408,688799,44925,798106,507783,560241,1,297547,1,451241,45654,783926,225049,355371,1,436999,41226,243066,1,117820,1,648414,1,127274,1,884652,566658,1000000,117655,737054,532992,775598,261059,1000000,582039,1000000,262454,733122,705003,1000000,533689,990565,1,844847,1,397296,202620,307047,121993,771313,566069,1000000,827196,1000000,646518,1000000,142177,813897,390489,888911,652867,787806,373118,828889,351772,1000000,3910,194573,1,446373,1,562593,534616,1000000,886092,1000000,167577,1000000,13201,716921,388071,1000000,780466,1000000,781300,1000000,157073,158115,1,824712,1,520409,1,619130,1,783258,691913,1000000]
261388904
1
[80000,1000000,2552,992342,11876,988901,12588,982108,13101,981702,15815,981156,15946,974939,23573,966079,28594,965050,38280,964469,50636,952753,52038,948280,55323,932788,63968,927993,81949,927273,83266,926294,86067,912823,88962,908926,93253,895965,98958,885756,100611,885408,108298,878905,108385,878613,108512,871725,111702,851598,111808,847160,117031,837578,119254,821312,126186,816895,127713,813752,129804,805014,135565,774580,147783,765004,150267,764344,154406,762265,155279,760189,159613,759957,174961,757744,178721,755246,182137,755118,183914,750563,202668,750379,210456,744035,217161,743794,217507,742173,219493,742147,226430,739726,242661,738832,243771,737532,251157,731592,252035,724391,256354,723336,258215,722612,259514,719001,261829,699524,262999,698643,265477,691576,269006,681785,270133,680076,276010,678270,281085,674326,289242,673050,289752,672646,293801,672280,302369,656445,324622,625717,334951,621779,335337,605200,337770,604852,339087,602186,339221,597877,340274,592327,348021,591291,352956,583533,363300,583164,365626,581433,368048,580586,386682,580182,387636,573714,395966,565772,397757,562299,404066,551122,406420,545546,407583,538208,425551,535811,430016,535540,431553,523278,436015,509949,437502,506686,439746,501344,440689,497967,441096,497677,444326,496438,446473,489355,447724,488965,451260,488378,452612,486152,453067,481517,463773,480889,477998,478863,478106,480714,474057,483947,473186,487270,471444,489814,464520,494985,460027,495845,454907,496693,454499,503785,445880,507437,437050,510172,436719,515595,424914,518644,418400,518940,411031,522732,407313,531969,400906,537267,398766,538075,396332,544292,376373,548110,366216,552623,363689,554465,350009,566108,334224,566996,331517,571971,330842,580752,324741,581389,317897,585659,317484,588367,317205,603254,314266,608329,310258,616954,309216,625401,308904,630167,308467,631575,305837,636477,295602,637512,290653,658947,284162,659847,283609,663183,278294,668372,276208,686704,254710,697326,253323,705077,250893,708465,247679,716761,246396,716812,242900,717099,242122,720647,240082,728974,237686,734859,215130,739211,209597,747627,199727,748337,187215,748525,181274,753217,174904,754207,173990,758925,167500,759103,163466,765894,162807,767692,157741,775058,155031,776331,151651,780196,144106,788070,138696,795178,138417,801048,136628,805028,133059,809721,129710,812324,126411,818181,113925,827942,113762,834472,101180,840084,100638,843370,96711,861034,89198,864525,83983,866294,81737,874538,73071,882162,63902,884856,63251,891048,61044,891537,60949,891694,59344,893260,58719,902246,53400,919114,52673,923838,18062,926765,9395,929328,8194,931644,5599,935084,1995,938856,1,945135,1,954964,1,965854,1,972004,1,976836,1,978686,1,989944,1,995321,1,601,1,45844,1,54469,1,65823,1,70552,1,81519,1,90910,1,96972,1,104955,1,108034,1,114336,1,132049,1,136411,1,144614,1,164384,1,184009,1,199199,1,213178,1,225237,1,240330,1,250351,1,255120,1,257806,1,278702,1,285520,1,294022,1,296450,1,298373,1,300320,1,307024,1,308466,1,320922,1,322716,1,338076,1,341409,1,351971,1,354725,1,357199,1,365213,1,368159,1,377800,1,381597,1,383969,1,400375,1,407707,1,412376,1,417737,1,427441,1,433016,1,437310,1,444503,1,448253,1,453657,1,462258,1,463536,1,472422,1,479976,1,483702,1,496143,1,503639,1,515555,1,523773,1,530019,1,564075,1,566769,1,568365,1,573051,1,579724,1,586981,1,598752,1,601979,1,612365,1,624501,1,650307,1,654198,1,671660,1,683884,1,686721,1,690519,1,702220,1,703694,1,737581,1,746710,1,753712,1,780107,1,803467,1,807999,1,813929,1,842237,1,854200,1,868890,1,875631,1,889529,1,897659,1,905723,1,950623,1,958913,1,981368,1,985636,1,987977,1,6704,1,17711,1,36492,1,44063,1,46227,1,54030,1,76104,1,76290,1,98757,1,109420,1,121677,1,123876,1,151316,1,161000,1,167262,1,172984,1,184545,1,199424,1,201338,1,210279,1,212847,1,220706,1,226562,1,231387,1,252360,1,257705,1,284639,1,298689,1,313458,1,330193,1,347267,1,357565,1,362493,1,363878,1,379963,1,386142,1,407968,1,423903,1,426808,1,437243,1,445936,1,457651,1,465906,1,468241,1,483414,1,488611,1,509547,1,511448,1,515032,1,539386,1,546390,1,555214,1,559317,1,563734,1,567722,1,573216,1,577848,1,580923,1,583326,1,590235,1,595037,1,609323,1,619254,1,621965,1,645526,1,653540,1,658848,1,671679,1,675285,1,680864,1,682379,1,689613,1,702774,1,721026,1,721194,1,731217,1,734587,1,741711,1,753955,1,773219,1,780660,1,786327,1,791293,1,792796,1,814155,1,825183,1,826959,1,856262,1,864303,1,880471,1,890243,1,895877,1,906331,1,907043,1,917776,1,950290,1,968715,1,975226,1,977844,1,987180,1]
42455
720
