[59,80,21,23,92,63]
0
[56]
0
[45,52]
1
[4,10,87,71,36,14,33,91,12,97,41,90,12,77,20,3,15,12,46,40,23,88,21]
7
[16,73,66,19,28,18,29,55,43,14,56,17,89,80,96,55,43,95,88,79,100,50,3,74,91,90,58,10,9,15,78,83,32,22,16,20,29,31,94,8,46,51]
32
[50,19,68,88,5,42,99,84,39,10,46,83,11,42,66,60,22,54,89,38,3,40,27,22,62,8,100,17,91,93,34,15,68,10,95,57,61,52,73,44,52,13,50,80,44,10,40,44,87,97,47,100,42,57,99,90,94,91,63,59,99,73,62,25,51,81,34,92,51,37,79,87,83]
30
[86,38,89,32,71,76,29,32,7,19,81,65,41,56,89,68,42,15,5,77,88,9,94,63,94,39,35,59,25,42,89,77,75,50,89,79,95,67,48,66,60,50,100,99,84,47,10,3,26,83,94,71,33,55,63,25,20,87,76,98,93,53,94,63,25,45,75,97,64,49,29,85,91,68,84,48,7,16,91,37,41,77,41,14,77,19,36,100,33,47,26,23,58,82,65,13,5,72,80]
-65
[12,74,27,37,10,19,22,89,39,95,96,10,19,25,53,40,13,85,38,90,38,5,98,24,45,62,52,17,41,41,10,20,14,87,20,92,61,4,83,38,83,67,16,88,2,33,19,97,12,39,18,68,49,21,11,26,8,96,55,84,84,83,93,75,89,10,57,32,31,88,80,61,25,13,6,68,26,49,29,23,33,74,94,45,85,20,40,50,48,34,60,87,32,74,78,25,91,85,54,21]
99