[2,2,2,2,2,2]
5
[2,2,2,2,2,2]
6
[1]
1000000000
[1000000000]
1
[146,788,775,772,792,68,143,376,375,877,516,595,82,56,704,160,403,713,504,431,922,158,60,192,14,788,67,332,26]
80
[556,96,205,188,505,14,602,591,802,662,543,781,878,812,539,981,587,716,531,354,92,4,412,354,607,587,28,136,327,929,905,671,811,572,152,165,352,522,983,966,378,911,873,606,392,927,426,726,892,939,96,419,769,387,178,895,41,291,437,513,37,569,945,102,460]
33
[1000000000,1000000000,1000000000,1000000000,1000000000,1000000000,1000000000,1000000000,1000000000,1000000000,1000000000,1000000000,1000000000,1000000000,1000000000,1000000000,1000000000,1000000000,1000000000,1000000000,1000000000,1000000000,1000000000,1000000000,1000000000,1000000000,1000000000,1000000000,1000000000,1000000000,1000000000,1000000000,1000000000,1000000000,1000000000,1000000000,1000000000,1000000000,1000000000,1000000000,1000000000,1000000000,1000000000,1000000000,1000000000,1000000000,1000000000,1000000000,1000000000,1000000000,1000000000,1000000000,1000000000,1000000000,1000000000,1000000000,1000000000,1000000000,1000000000,1000000000,1000000000,1000000000,1000000000,1000000000,1000000000,1000000000,1000000000,1000000000,1000000000,1000000000,1000000000,1000000000,1000000000,1000000000,1000000000,1000000000,1000000000,1000000000,1000000000,1000000000,1000000000,1000000000,1000000000,1000000000,1000000000,1000000000,1000000000,1000000000,1000000000,1000000000,1000000000,1000000000,1000000000,1000000000,1000000000,1000000000,1000000000,1000000000,1000000000,1000000000,1000000000,1000000000,1000000000,1000000000,1000000000,1000000000,1000000000,1000000000,1000000000,1000000000,1000000000,1000000000,1000000000,1000000000,1000000000,1000000000,1000000000,1000000000,1000000000,1000000000,1000000000,1000000000,1000000000,1000000000,1000000000,1000000000,1000000000,1000000000,1000000000,1000000000,1000000000,1000000000,1000000000,1000000000,1000000000,1000000000,1000000000,1000000000,1000000000,1000000000,1000000000,1000000000,1000000000,1000000000,1000000000,1000000000,1000000000,1000000000,1000000000,1000000000,1000000000,1000000000,1000000000,1000000000,1000000000,1000000000,1000000000,1000000000,1000000000,1000000000,1000000000,1000000000,1000000000,1000000000,1000000000,1000000000,1000000000,1000000000,1000000000,1000000000,1000000000,1000000000,1000000000,1000000000,1000000000,1000000000,1000000000,1000000000,1000000000,1000000000,1000000000,1000000000,1000000000,1000000000,1000000000,1000000000,1000000000,1000000000,1000000000,1000000000,1000000000,1000000000,1000000000,1000000000,1000000000,1000000000,1000000000,1000000000,1000000000,1000000000,1000000000,1000000000,1000000000,1000000000,1000000000,1000000000,1000000000,1000000000,1000000000,1000000000,1000000000,1000000000,1000000000,1000000000,1000000000,1000000000,1000000000,1000000000,1000000000,1000000000,1000000000,1000000000,1000000000,1000000000,1000000000,1000000000,1000000000,1000000000,1000000000,1000000000,1000000000,1000000000,1000000000,1000000000,1000000000,1000000000,1000000000,1000000000,1000000000,1000000000,1000000000,1000000000,1000000000,1000000000,1000000000,1000000000,1000000000,1000000000,1000000000,1000000000,1000000000,1000000000,1000000000,1000000000,1000000000,1000000000,1000000000,1000000000,1000000000,1000000000,1000000000,1000000000,1000000000,1000000000,1000000000,1000000000,1000000000,1000000000,1000000000,1000000000,1000000000,1000000000,1000000000,1000000000,1000000000,1000000000,1000000000,1000000000,1000000000,1000000000,1000000000,1000000000,1000000000,1000000000,1000000000,1000000000,1000000000,1000000000,1000000000,1000000000,1000000000,1000000000,1000000000,1000000000,1000000000,1000000000,1000000000,1000000000,1000000000,1000000000,1000000000,1000000000,1000000000,1000000000,1000000000,1000000000,1000000000,1000000000,1000000000,1000000000,1000000000,1000000000,1000000000,1000000000,1000000000,1000000000,1000000000]
1000000000
[463386540,865506674,284373592,572704323,214776626,167770105,9686807,216579588,675293324,225632291,214763508,132603721,918158911,694968391,913549686,652324170,546801824,935895252,257119195,743201825,533698398,568114872,176568770,54626737,337235024,15215313,834330491,707409773,305357469,532952097,61225480,449180300,541599327,99693466,622936280,950431718,564934723,698392090,973296465,255731398,673598326,199234963,7637163,894067025,800164010,207449728,546922851,644115503,173935776,246555143,896219818,570213717,467148119,937203281,239696452,608598455,758974513,279455725,978429358,179957508,16169785,894746222,832472198,617312762,579634889,805295447,141209104,497033524,814619448,272311236,728630067,641619978,692002453,40285035,258981822,626989013,367702522,92056858,715712910,263519186,992551998,999635151,461353430,832257726,184261785,167294534,286993879,403430610,291236346,536792632,269767436,896975498,824019395,509344028,92756853,646848894,247551221,781721559,392933042,361717513,368459525,78742986,283399445,920307854,808806587,814054203,749768841,518373228,355424263,888655754,607831953,943797156,565360842,559471390,608909676,943794769,280581289,139408671,122168978,125160593,988283522,580001527,449571055,203549621,927615433,379595881,329423907,661622260,336434909,702784702,145173267,192857787,746050383,151687919,743685683,780367998,991364402,265088856,942470094,373903159,954276189,68631404,168841733,830927044,694518807,29480328,715492957,955088207,185839369,231920432,434875115,324572014,556385733,528330697,142057419,449374332,610505215,871696993,60260172,747425536,436582764,402665283,690740713,25101991,262964778,215152452,211375484,655892742,263581291,966504932,662863871,805198707,453871634,42306050,403240791,554116933,270671265,411809374,11692638,206134805,209002752,148408159,915127124,414325344,923450807,467197850,140413193,351071102,760994830,110007302,868313783,675703622,728229021,676387185,53433570,299988325,882023175,767132587,320832325,60252565,205864036,298907772,668680790,430993044,511319170,76250382,6993190,670185377,532838982,931953777,33724236,982053245,637105863,691487201,356261229,633780339,559409946,530211170,515481655,515981777,654034802,694281168,189729165,232069854,3495585,317970922,390161589,53980720,51425865,900070376,408052516,142664753,488484936,306215931,322270421,269897502,527450842,959214345,787515670,239882623,851143919,96411887,441812228,851962219,721564503,761568017,963388622,983027980,108914422,310570587,636329931,88401498,781841413,634555509,7338626,951389725,435712280,473481102,526394761,44014020,418199757,585714873,441062373,215634597,383667268,476219429,167892395,784977248,502400265,138239845,103832800,861284259,254695934,479787132,307680368,571459032,574800855,927394394,356049568,205946757,664638679,552732607,135156767,315779527,110067200,990573994,204733400,924630208,413823910,803180478,3806280,111316032,400330824,314587121,259122011,589536248,593912403,843743962,711614830,833310916,221100872,778980012,423369074,398793238,670375292,423523417,329666621,845143138,351282035,514538376,125515428,697177162,845458093,825757292,404788812,347522236,902431718,133869157,214551726,178353550,742147866,264034552,325231908,974393892,346561669,630118753,61826164,717584726,403683490,854925910,664440578,744824443,92179963,348749750,946380377,402441100,123130442,862485988,254773879,546994425,782237765,699518156,275784199,730902985,733948371,86822148,563226659,427872041,33958370,247129963,333703016,238670889,274163705,718592803,221816128,401023166,481753877,460644584,759965635,419441669,693281218,282478857,543200132,388120761,173768190,79064504,954104004,533988982,451246707,436203032,916772817,547356225,299384570,596715799,676261326,233526203,139808529,322526663,433957158,332986408,681925522,822703063,707390011,421106124,926439451,930231314,944646419,646800223,319050136,827545771,343386567,574787677,556763062,361458917,716159198,703217755,749664570,549164436,511174303,655242596,43198235,724584538,796215650,590147841,326687321,770092809,727203100,856684800,157193492,124636475,931437883,807484840,558342156,998490147,908486077,708441943,929950415,682039738,397962940,323396412,882935032,167707959,355869628,429241117,85076570,57536240,134899759,808325658,298875486,182252154,507148723,543384201,537803086,565767133,995105765,903265710,393045025,458010194,521064698,144993580,675827742,686305670,486170311,897233537,747671682,824930063,432565705,629295415,988276235,739157858,247148338,323044865,761441115,700587853,388979255,558189904,843713147,660997455,371101719,814469044,821992890,721953757,864387782,651287827,467029156,759445942,338253019,192106236,710058256,984274090,537022602,769238230,737303100,94851026,501136128,759516915,934138478,521804149,172314079,457710497,829374836,135767819,608745415,612100766,516701747,152985059,789761200,188011949,127274241,468656695,659061742,94450907,252461926,938878895,199628060,736165673,865686758,512841139,436127688,973515532,608201696,725866424,147903983,167532269,968363649,528905997,282503639,484959467,524660506,439608835,796026702,449302815,254042001,845458706,720964575,471734074,530507049,520047930,323219992,998871192,969117666,233458638,359764763,440977349,877297237,369634347,746362415,113388371,920057998,738318703,27365868,650246857,292986272,665478678,569421537,130127739,626867282,927508223,341854107,398045496,885170827,726861711,490086279,753242755,824967430,479018315,12501520,50107106,376944208,462771161,331490940,662524306,463162786,187431029,26241380,44853001,582384316,906037277,102603253,997848130,698044432,41638424,531717099,644077301,593606881,895783660,17605988,467620788,820623261,464527882,703400968,706328589,4971907,684984991,140609133,456642227,101828338,17327255,809857135,108429497,383447279,918447178,941711702,703900911,287436840,937827573,540693627,940389301,125416771,862426592,322769837,206081288,651429561,871237050,565227985,407319950,788211718,675868579,126033510,504888334,292960151,692841476,955676726,882057106,364555120,22025465,21382171,57131777,322974805,572255232,107325444,459278862,884253458,654087958,276594420,357601856,595910613,239511809,673747129,500245204,491539809,719780480,611461987,91680428,731819543,531053215,403358873,413434955,909766333,50965661,869234100,923044991,4679012,808725829,980590968,585902753,832168215,221590841,871481477,915976930,98427838,28472911,22429342,738328377,483635626,743026388,730841313,786955002,710591653,617778137,647533485,749877341,164395589,754722958,624115261,931025176,356368812,383398103,737523393,184227486,711904107,62661348,582467123,55848656,589458640,49635277,668735461,323555326,5150787,913680389,100191331,265140381,918644054,766038655,55187306,616663036,188055082,691788128,324813775,614372406,500989981,744769471,680754769,312824276,24490756,993995376,886592921,990579662,845150238,496511259,455357572,258734789,628549504,389831821,487851643,36082942,325025387,34117551,530926363,998929138,180283546,249105988,820360478,542342147,749460717,556144229,231167297,274823554,369033110,440200767,801890106,685311203,686690366,639060705,294960668,916116278,432275629,895849077,738997314,899631712,402647895,980042364,6466039,6373399,369813220,445778384,429292564,382238406,337216119,292239779,906248605,972095235,517843656,526518470,410233268,55762567,789905167,497427221,296148332,536556356,777474424,946874121,9172988,976882176,841927483,533001101,948193130,607720306,723913403,432778250,662440,60724170,385203022,731504174,595945478,59048825,154258340,910967037,634816290,643044805,905927044,19105590,102260465,446308281,999930195,749119676,572714469,492725777,457719460,884334238,198627930,129072688,852919597,701977492,147556410,310376044,670104946,818454354,759660070,219593539,235681533,101647431,266290821,317362797,399068010,902087980,467804417,965855755,30401136,847180044,342157548,32173042,525501284,559175776,276885658,324568713,22561607,864184172,765519975,134153162,331768726,342406876,996642403,125577555,526207564,224922524,918695589,643609921,76523972,904400614,117642585,242330899,135750925,288859206,234317890,319362288,78501008,676542359,936417917,294276958,922117717,893642085,392388361,95161437,84928800,188191301,104778379,846922674,890331573,833423336,75705958,745219670,228085828,85458828,333095891,982715944,247038006,711255232,176028144,937999643,173781722,658382536,209830745,317561243,844648589,887209678,147038956,198526931,631921125,799832536,184359873,532692018,686480629,710120766,227538398,949624119,876767655,299486541,489362955,114824736,188924044,928776220,968171385,519428439,303608128,121473549,135145552,172775333,640927723,186095169,694037792,683831071,489245118,758484913,749772701,604628931,294011465,652796753,688044474,932133613,518139316,342090783,668959840,622009215,298018550,248701919,742507767,564370593,888177407,493946035,831313772,454835356,120437982,412831481,841080406,13022216,22053566,271106506,436568037,476770936,860585156,737591605,537954357,531047739,731959065,38062357,100953958,775414525,546612164,975513560,261676701,247224801,746441539,537945039,633591713,271902730,733071194,533398806,335230124,757869192,543881466,675733391,856683253,31137954,532041842,410366307,493497230,936280793,363501738,937091431,815750131,894798277,417566759,174869374,276705885,281859388,728529054,560232968,13181595,25282203,384732601,465501980,41989866,87199316,642082402,268058292,404776925,934922561,356611251,39544052,162116094,908213341,279802751,440981313,228056030,125651052,612068885,58728473,819713345,685785457,30152946,742302325,62386630,434441911,24684218,684581858,267372325,980058769,167715549,800371726,799932661,682423359,416149897,386837798,689404971,139937698,12249640,487560801,716054300,542962555,738089585,308814311,678535038,200005906,541303905,60242582,860330793,359445777,714106022,114087178,658189957,636520735,93614714,113598567,490756624,328333208,667844873,545218626,206375269,492265469,942818891,213582287,182960632,940841838,156038225,636926334,863326041,972008199,770830892,333497141,901952566,863794388,799354842,937214062,886665450,174672193,863289351,633068736,94521463,801088952,876300494,321255133,522059851,86672383,675457151,856836764,679523204,23863979,373102789,415961859,800073658,129598105,814099076,580344787,354518696,387593642,216483335,499751510,363904760,289976019,568917471,319803485,422312928,187035006,551216504,220588640,751888613,776157185,661973038,337542662,756808205,388858223,645164213,637205116,927221355,962186385,289239179,405007002,662748144,51057678,780448214,573651338,983550185,383112416,43472275,968072151,550111923,375021209,859207031,279686071,62401984,15979979,317947594,684253819,905116434,205494098,90939792,826930752,488716596,90130515,871902422,551345168,127762273,884384109,560765088,916087659,704624906,683935997,302917852,907522507,323446937,690365427,530243047,678192951,75036303,813065528,825531258,653837502,65173539,438711091,744800437,863984189,663278942,85835668,75619614,488270755,837667949,337475402,851872897,40809836,651035723,498105685,403571698,37006585,593222712,265696476,748755639,979860236,900853820,603340571,716179516,892362093,827132117,421673433,162829350,427760251,690437213,243858915,567219959,429975571,30695852,104711614,697639348,524982297,293834421,185511178,117626606,750077924,9399710,549388201,623901108,347614932,710812199,702356609,463194794,57949582,210310704,879223467,301586907,451492373,696556960,983931474,358294225,212675888,520033412,948375360,796611532,863230036,427487420,472761117,757393582,620007825,536778539,383594495,363044009,12016268,534232794,585594999,608032659,626968347,190978850,449151906,214941755,601524658,595773706,212291624,388704600,995495661,371666155,555887359,861354665,193587856,60391508,592268567,978025392,112812782,405774975,772578885,733150737,663708885,315580775,896152778,141604500,400882220,736841047,251942711,932125408,923227998,581239344,838488650,880839825,574427638,520702150,943240299,392490012,189820479,978004097,909697397,137725167,966283442,594341362,328874077,542914041,664512953,477886494,9192586,884341890,611640055,552498505,175668813,709469230,998556732,913709831,294659371,135052313,987566094,566463941,118632724,643579147,365769616,908948449,262450827,429124123,345952461,980532816,510448960,926102233,681827926,869924644,263590990,554321932,115097777,883483203,967914112,146170000,756635495,302960542,808315621,963216363,246540252,746317555,876916785,974063780,824703902,548002276,365362101,612933089,787233474,876834493,506770527,985383032,371701130,387909582,835822858,536711364,79069733,878299679,367555484,447190002,808330306,896593369,101927814,731727503,982862848,783523659,150985015,324740401,895932189,459561812,996159481,224937750,645264600,301128485,920215372,691830100,116994669,819387065,245309667,293350204,757123090,147348242,914506092,640796387,39129560,577391572,766239456,748295433,61048020,61843760,981992327,236763967,91756485,79336679,963382454,781364944,418806512,269866923,822556787,269181138,892444756,989500175,261302419,600508826,402215342,4281711,664195247,481881290,744313424,555098520,747668036,849514096,587517375,317202602,282141074,356991529,816386147,578321430,605948463,236873300,911592456,514979495,863225648,856988720,32200325,704687296,571590834,65210542,567879733,897818961,70555227,891446827,381303263,981220666,490244961,104412807,518709146,203393645,507775956,207418530,522508260,41747699,337558249,425302887,994818844,770421033,898634000,802721545,450152947,714175428,104259369,772061879,663591656,63405855,929354959,809370986,764127772,571401575,283258432,461032085,543403675,620662597,139083571,778999394,761323568,405599288,68457722,911500845,283081861,899778665,762350860,539018419,884498918,90563018,519120959,354597524,400752625,388209432,651096932,338460885,610579290,823201607,192999396,929176724,907065270,83574871,51966392,129806023,12800510,837051211,865505187,299065354,882711518,470918104,271873638,402767592,583528885,731356233,894183123,317962051,314632074,22656004,946211434,663217223,700337721,669985436,2517200,531310138,609066807,408739351,293829745,625359505,196026922,288844004,613498609,359090997,804621247,857410078,56934518,986331326,733858812,717272051,939464828,662656903,25379752,687837485,600040344,268282396,909080276,657837521,777269629,496555782,653526425,459993186,134310136,234440447,123298719,49789598,741486751,883401182,256294210,327017585,547070503,886457463,841726216,430932954,62149779,615340572,904567021,139530590,429508946,516389255,618109066,214991430,523119987,584701133,566149115,506480835,870413003,774411884,182909058,538845476,58296060,281727709,506532717,413101664,388133953,407695407,575012552,689763102,877837469,473813160,491365688,444568302,715625832,687168484,793037843,934776952,491110568,923958806,950070030,818946340,411575304,713034996,910600797,523348973,435039125,357658294,499247558,616819422,21156241,903996961,804681038,375585456,813190385,520211854,733345742,257006295,690686662,207682940,543678328,141917252,733940524,3595799,170565986,975018896,665652404,390979391,351742587,245701128,855988446,454490800,219698183,401377075,320268560,783157833,963178921,542770414,150913184,111972007,720000094,40027970,159846817,687725233,472413646,280682095,31968651,258671984,382352598,904350389,410309313,687845772,828802050,888934521,834508107,568884348,177109377,240024030,345482937,503153455,44063562,203707094,550473922,970809617,859180392,650049128,230074240,454735356,886574294,309187783,113552181,950633610,297056056,379128946,119763474,424033911,731455437,382740439,880862215,431740551,725520556,978489775,631425381,298762524,383410916,463009856,487548685,631632921,28937461,31887770,690940100,85469164,179618919,502538093,412416906,614134656,869699383,619628644,412139365,264295511,804500055,873797267,73423193,767104133,228777640,284665875,560718721,674858054,523732516,406963834,392769222,512074118,402081938,504669583,472624635,376881747,353722486,963976343,940779752,956582664,431243012,909695412,725241311,184381950,697806344,909432989,672805968,506017120,250874992,394704908,779421987,294227713,370013522,118331567,419970876,709194799,297971850,956484562,719576013,547291244,249097275,666715856,960759197,566846349,754417864,504374834,220834622,457091415,123268831,49487425,878933089,909035998,390163407,241422538,238905898,84086269,439326449,960430374,826055576,221034110,190019340,889566943,186252997,476906919,53814122,835176032,173883726,639795979,949285321,395643033,117574872,848437756,582533889,310080031,18149435,773325235,259054306,343198819,649411573,542379576,518873389,179780863,211508314,840511253,611351935,416852888,43497258,714232148,863000198,726574485,558016347,295449060,187801861,707972027,305814101,588864433,57614025,324483019,962989610,477330779,417653299,674269336,847812663,892399267,11711843,210247794,805803375,635260264,980103061,828147920,667294344,826391950,144646163,848400762,5294828,36060254,204932230,979813004,568473474,86662482,28564453,408630517,158173188,804472596,554751656,30076594,795817783,98471458,407353987,112664685,967533640,721115470,647698031,102742896,293943813,241366456,687717748,760677588,761997048,579692638,259268612,39602016,580496911,840768392,59976221,99100321,489335238,592414486,699434273,541055412,171850049,622947714,754269736,574905838,294381001,688197925,48439295,186714380,912615652,599264542,333827923,265405905,560845310,429588091,972409713,398457375,101583609,128550919,608479777,586804527,5692575,418820385,93716908,371422074,735249880,67246403,560617267,114868020,718733920,157988287,412691888,91408491,139067442,68917999,135559583,717965804,163927096,730526010,564821535,505691461,679042862,472830307,749890321,822050562,805469203,83575963,845722206,33838019,595670896,976477144,859598210,442796324,506936024,132064438,218291049,193734375,502678849,662639477,365382159,982927583,489100724,549944957,621947943,691073686,583904312,752210597,565297431,961143626,40278672,143700864,508773317,968148257,187712289,486390533,840243996,982915203,394324753,793876026,538557045,597122390,995432577,996995068,308125003,795352068,342201388,750922098,413620437,10706497,645660721,687872699,816217918,606001037,45179526,189061966,207796589,112656075,829861315,243714416,131182740,953912870,908842905,342749288,520965285,949714228,732176007,753298584,793504425,699150922,337500037,992015241,140919932,454721260,810341753,746247636,910129078,217725486,38900191,984199676,818508669,93143603,901045827,929600177,707582005,118569439,904250726,806183502,369392890,559058087,873024911,325046651,615086365,313542010,526025190,940266355,7991778,323603564,223996459,239593580,558524150,4257303,304501540,696907468,134569157,725767518,342275060,761720629,56338279,111246347,539906393,76706894,741958514,326440442,508451901,829158137,589407205,118305885,173954813,183328270,578448396,522328440,318562367,660941268,113462456,481189533,594204989,12392011,299307269,603525178,622966629,954429104,612344604,58962520,353657301,564102503,964481922,160530245,348782017,315576387,478246383,826475270,950107731,322157812,480846794,43720278,923004350,118527102,87708427,658495735,831866191,532793760,703038236,341239002,710893816,56790791,772666995,40764089,266011855,344236722,53421898,250204025,49490073,906493024,299112639,25855408,731633764,974736365,308786743,771151804,139161655,113269940,783316052,59788553,804975161,971462487,759125818,405401666,814574490,835262787,576908807,972589661,307172560,269285371,857328484,434508893,818828169,422225774,495731239,118608678,741109828,457821510,525146566,60021461,470687966,965418673,496144795,712346504,887371113,141307155,249534220,92881932,925678441,496906080,290783261,682517277,901621354,374069901,597245989,833623454,6692510,631784356,329086915,247938276,471109186,359983207,980533462,132547140,809842116,923129366,451607959,227613897,416092917,380962694,749447558,44903722,57709694,698199264,520529867,466731321,853811164,190013817,942569665,92917063,884528702,233761054,623328388,867755833,583033917,158769949,80788414,854673645,821828871,124068099,123235873,343278098,726744340,111700710,693074097,250811981,266758482,261560767,155759234,553104105,191720675,479524500,658882329,573440939,269988714,815062650,624178297,825943682,257833282,705296827,632654182,645817793,816411570,449961323,865975175,74738731,343871165,804194432,289503937,168804142,377676713,709734973,836720318,456929051,218906711,177121168,490613341,105412264,128483962,13102894,89948047,647126797,20347921,784247240,304931522,554504608,946246203,869096868,622772169,213755520,619376948,614839474,112960015,231300203,884723487,449851582,627602050,961222892,941651405,104367307,83736938,171574734,646084011,247259962,79917503,518538542,426500969,489435610,463652303,688177375,106540063,559017081,287915336,854953921,521111452,60875163,465414477,36487885,333782342,396770616,987465947,339063127,182040666,694540392,221501941,641742687,305040413,529079179,455816144,712881976,516095553,873086657,90878302,307403625,829745529,234393808,704501587,755152400,973283299,147731832,99341295,962083812,727387997,373980515,509706516,91319027,460496149,970305333,882130950,104541137,235672859,72699550,464073360,54411270,208240042,444675787,326756821,112348296,465519350,546284985,164463620,705216708,44306403,493190026,293375646,242153176,298287778,178973862,348195805,735992365,753497859,879818558,463198054,479540936,529274148,675057088,703597801,918476640,347560558,18551075,541603766,115000527,354507370,116276671,129994406,512170559,200588377,121887789,149917475,346400209,793170256,266037076,230667092,908944911,67896900,202993975,111462542,178822201,694720446,650586119,288134607,559568565,915454356,18650020,825381244,174970784,565718836,456526793,287641532,199567976,769345527,167058911,706647430,784340188,392092197,125674925,729880735,570603798,62653641,711108645,668879587,712435295,181892908,954595139,846143019,718782727,760865062,298092121,609603289,688083737,135337987,352782633,173692694,1851954,759915421,6516479,400338879,822424141,142332846,734687141,502335531,125677423,842666799,280367562,477045753,658640688,649871617,714463985,474087034,367435749,519968131,174740884,56547283,247685735,54061723,262260415,994324708,645125999,129140899,867970688,612982885,626792975,404876459,739652257,96237314,674365334,199225328,350422523,625605609,721798499,543240944,91218718,115616120,176138562,484671420,699490366,530708097,661517043,726314562,586668813,35219103,779530613,296860470,803927342,485801947,677815999,459919059,821818539,806780758,154542189,249891916,540293788,140177008,20528937,53403501,921758851,45676575,286116129,923066639,936435057,252016354,825363985,903837940,299934497,225284589,146380847,226918246,600633225,87804762,105294950,187383171,945297459,988331614,442858761,135149639,294121061,142161178,148810935,169852073,501018065,248411383,54238123,915228345,86869169,94038685,279657843,371952881,562380537,795315523,323235846,620233203,71088358,780772347,131754061,55676217,133558468,839038244,238985487,956650065,937298692,706350183,297097666,464546690,805764912,389986928,510572632,592674042,268517847,953694475,759985542,589208094,40079035,181917747,160408554,559256599,766518639,652236792,477997873,556269088,770731597,95254878,731044651,958742337,279742697,207091231,107751904,959311232,906282663,371382589,16233892,916709026,886626138,507525603,441187470,266833048,107831076,213792856,803722640,99250198,515666046,383077429,323438948,7755146,193434637,748051357,94712136,790573979,87289441,324667710,204388922,8584418,441519284,296192559,857532251,175752496,692517900,827935156,611394031,502442016,330694461,28708016,240933879,237796352,25081820,590262820,463836576,640725356,765809140,880641459,344686986,166169443,984181640,128245621,181364865,303584184,883244757,183804892,341993298,121990088,603507681,435926166,468564918,939875946,757395877,905116803,393344160,538705708,818059657,462364848,419117784,678902575,991028208,388212179,512234937,986533718,185402394,399600164,596387595,908683483,303034736,462057179,101893501,167454648,869964458,737306509,194624236,333761575,312602072,896533265,319714491,372318287,273167587,520337110,266166818,240129589,137652988,500027665,271031533,112902431,1775697,497875178,481164699,307870365,925786671,708577796,47317541,928855901,271088740,729928155,388819597,367390984,373979431,939407438,76525426,936854241,94661763,922645489,67251604,466529285,68421540,183035627,477234352,43806418,695235022,283077922,840427991,489123839,969059064,93176217,526731345,85950406,93439268,485375990,792107616,748997905,598649928,339709066,188867746,332171418,489505397,360863424,672660270,917434262,841300300,212688635,950666673,790715686,183936250,954025196,266969385,918945348,634645607,371703153,683290498,265754806,488930094,593949614,346936237,819385713,462578381,585676092,475831888,902680251,911084953,184201970,781720592,878854626,843044190,700684455,518361206,457738148,274814590,605861887,426633193,157542570,811740850,594445854,65158499,223025404,384360066,642930030,500739899,886075405,583588254,874672050,829674668,279525273,186159190,178182060,678330348,485727162,441900118,40354425,903778302,364099644,122724130,786265285,130549302,481182657,618165308,69148062,33174809,90525884,394207019,829443180,413371305,616999348,961833243,631309044,583478079,162830341,261775064,902258004,291001563,813353707,190385297,792830125,545136365,389422088,779701989,37010904,614478906,68098632,351040398,852547418,423180362,594841557,455444520,766050614,129927466,338676011,652065503,281742389,255505325,106457555,989629853,457736755,121232295,405027198,939671516,957382430,443811663,595540066,834259196,894901339,865591266,265475189,453967053,478923088,602702829,13409601,81237713,286285896,712025945,115732475,41385945,18999248,323443934,526280748,583628206,604967597,90120871,4187646,221305167,387190110,198160809,369356390,328758555,92403462,598797517,30942278,367786499,646447784,663778074,566304304,585658878,911868068,918566734,889114626,654388449,259026128,303205543,8771496,923084974,79505847,162695274,478146406,670313941,877925279,184201940,869896543,898172833,516554653,383162301,754055500,377716651,318080473,116524090,568637074,485768447,914283134,390387434,32388275,623870354,108412988,925170970,183388357,435440369,641136508,260050882,265067230,316731497,219878618,564058891,948737673,727893745]
908839574
