[0]
20
[0]
1
[0,2]
5
[0,3,7]
3
[0,2,4,5,7,8,8,10,13,13,14,14,14,16,16,17,17,18,18]
5
[0,0,1,1,2,2,4,5,7,7,8,8,9,10,10,11,12,14,15,17,18,18,19,22,22,22,23,23,24,24,24,25,27,27,28,29,29,30,31,32,33,33,33,34,36,38,38,42,43,45,47,47,48,48,51,51,52,52,54,56,58,58,59,62,62,63,63]
6
[0,1,2,3,4,7,8,9,9,13,13,15,18,18,29,30,33,33,36,37,40,42,42,43,43,46,47,47,48,50,51,52,52,54,54,55,57,57,59,60,64,67,68,70,73,74,77,77,81,82,82,84,85,85,85,86,86,88,89,89,90,90,90,90,91,91,93,94,97,98,99,100,107,108,108,110,111,111,113,113,117,117,119,119,120,126,129,129,136,138,140,142,144,144,146,146,146,148,150,151,151,156,157,161,161,162,163,166,166,166,166,167,167,168,169,173,173,175,175,178,180,181,181,182,184,187,188,192,192,194,195,195,196,205,207,211,211,212,212,214,217,217,218,218,218,219,220,221,222,223,223,226,228,229,230,232,234,240,240,241,242,243,246,246,248,252,253,253]
8
[4,7,10,20,27,34,36,39,40,49,50,51,56,72,75,79,101,102,112,114,115,119,120,120,121,127,144,147,150,157,160,168,169,174,177,180,185,189,191,192,192,195,200,204,206,206,216,217,217,223,224,255,259,263,263,268,272,275,279,280,282,285,298,300,318,327,335,340,340,341,354,354,362,365,366,367,369,370,379,385,399,415,416,418,418,421,432,435,439,440,441,443,447,456,457,457,458,461,476,479,479,481,483,485,486,487,495,500,510,512,514,519,522,533,537,541,542,562,570,571,583,591,597,600,607,607,607,612,613,613,621,623,624,630,631,641,643,644,650,655,660,661,661,664,667,674,678,689,697,704,704,709,712,714,714,715,715,721,722,722,733,735,739,743,745,754,756,759,770,771,776,781,783,792,793,794,795,808,816,823,824,826,828,830,831,835,846,847,849,852,861,879,881,886,898,902,903,903,905,906,907,911,913,924,927,927,935,944,944,950,950,952,955,963,970,972,974,975,978,988,990,995,996,999,999,1009,1011,1012,1015,1022,1024,1026,1038,1045,1046,1046,1047,1056,1059,1060,1069,1081,1090,1095,1096,1099,1106,1108,1110,1110,1123,1137,1140,1140,1159,1167,1175,1175,1186,1195,1196,1196,1208,1211,1211,1213,1219,1221,1221,1224,1227,1227,1247,1247,1251,1252,1253,1261,1267,1270,1271,1272,1285,1294,1297,1298,1299,1301,1304,1318,1319,1323,1324,1330,1332,1337,1365,1367,1378,1379,1387,1388,1396,1397,1402,1408,1408,1412,1417,1417,1421,1427,1428,1435,1436,1438,1444,1446,1450,1450,1463,1466,1467,1473,1486,1491,1493,1494,1497,1499,1499,1512,1514,1542,1543,1544,1550,1550,1553,1563,1566,1568,1569,1572,1580,1581,1583,1590,1594,1596,1607,1618,1618,1619,1621,1628,1635,1650,1653,1656,1667,1667,1671,1673,1673,1675,1677,1687,1689,1695,1699,1704,1705,1717,1719,1719,1722,1732,1735,1736,1745,1749,1751,1753,1765,1772,1772,1799,1802,1808,1808,1816,1826,1830,1833,1834,1837,1838,1841,1842,1846,1853,1856,1857,1863,1864,1871,1872,1877,1879,1880,1881,1895,1899,1908,1908,1910,1912,1915,1917,1923,1925,1935,1942,1952,1954,1955,1956,1961,1964,1966,1970,1975,1976,1977,1977,1981,1990,1992,1995,2002,2006,2007,2021,2033,2045,2052,2056,2056,2057,2059,2074,2077,2080,2093,2097,2100,2106,2113,2115,2126,2131,2131,2134,2136,2150,2156,2169,2174,2181,2183,2202,2202,2206,2216,2221,2225,2239,2245,2258,2261,2266,2271,2276,2283,2296,2306,2311,2335,2347,2348,2348,2350,2366,2367,2372,2373,2374,2383,2383,2399,2417,2419,2423,2426,2434,2436,2441,2443,2451,2456,2460,2469,2482,2487,2495,2501,2507,2509,2513,2517,2521,2530,2531,2547,2548,2550,2562,2566,2567,2571,2572,2572,2573,2575,2578,2591,2609,2613,2614,2616,2618,2620,2622,2638,2642,2648,2650,2651,2652,2656,2661,2671,2678,2678,2680,2692,2692,2695,2697,2697,2699,2704,2705,2708,2710,2710,2722,2725,2729,2729,2734,2740,2752,2753,2754,2759,2761,2764,2774,2775,2776,2777,2777,2781,2797,2800,2804,2805,2813,2814,2838,2845,2849,2851,2853,2858,2859,2860,2871,2878,2902,2908,2909,2913,2915,2917,2917,2919,2920,2923,2926,2927,2928,2938,2939,2940,2940,2941,2948,2953,2956,2969,2969,2977,2985,2986,2991,2997,3004,3027,3032,3034,3034,3034,3039,3045,3046,3055,3070,3073,3081,3091,3094,3099,3099,3109,3117,3117,3117,3121,3125,3129,3132,3146,3147,3150,3155,3157,3157,3162,3174,3176,3184,3192,3194,3203,3204,3209,3211,3220,3227,3233,3237,3238,3241,3247,3256,3259,3260,3262,3271,3276,3278,3286,3294,3299,3302,3311,3315,3322,3338,3341,3343,3347,3359,3363,3365,3371,3382,3385,3387,3398,3400,3400,3403,3405,3409,3417,3418,3423,3438,3446,3458,3460,3489,3495,3507,3507,3512,3515,3523,3525,3528,3529,3546,3552,3560,3567,3571,3571,3574,3577,3585,3586,3586,3589,3590,3594,3595,3604,3608,3614,3617,3617,3626,3633,3638,3643,3647,3649,3655,3656,3661,3662,3664,3686,3690,3694,3699,3705,3706,3723,3724,3724,3728,3731,3744,3745,3750,3757,3758,3770,3775,3785,3786,3791,3800,3812,3814,3815,3817,3830,3832,3850,3855,3856,3864,3867,3878,3880,3883,3887,3890,3909,3910,3911,3912,3920,3922,3939,3939,3939,3939,3949,3952,3953,3953,3956,3959,3960,3960,3980,3987,3988,3990,3994,3996,3996,3997,3999,4002,4003,4007,4008,4022,4023,4027,4035,4046,4046,4061,4063,4066,4070,4074,4083,4089,4095,4108,4110,4118,4122,4134,4145,4146,4151,4160,4162,4175,4180,4186,4188,4192,4198,4202,4204,4205,4206,4214,4219,4220,4226,4231,4232,4232,4233,4236,4247,4248,4259,4261,4269,4272,4274,4279,4282,4282,4307,4318,4320,4324,4327,4337,4344,4346,4354,4359,4361,4368,4381,4388,4389,4389,4394,4407,4421,4422,4425,4431,4434,4434,4436,4446,4448,4454,4455,4463,4473,4482,4485,4486,4489,4496,4500,4505,4513,4519,4523,4534,4537,4549,4559,4560,4565,4567,4572,4573,4574,4576,4580,4581,4584,4588,4594,4595,4597,4604,4604,4606,4610,4618,4623,4624,4624,4630,4635,4645,4645,4647,4651,4655,4655,4657,4661,4663,4663,4665,4667,4668,4675,4678,4702,4702,4705,4711,4712,4720,4725,4726,4727,4728,4732,4739,4743,4747,4756,4758,4760,4764,4773,4778,4779,4779,4781,4781,4781,4784,4798,4799,4802,4832,4835,4838,4840,4849,4851,4851,4856,4862,4865,4867,4875,4888,4894,4921,4924,4945,4956,4957,4967,4970,4984,4985,4995,4996,5024,5031,5040,5041,5048,5049,5053,5058,5059,5068,5074,5084,5091,5093,5104,5121,5132,5137,5137,5161,5177,5178,5178,5185,5187,5196,5196,5212,5218,5228,5233,5250,5251,5257,5263,5264,5264,5268,5270,5270,5275,5282,5284,5294,5317,5344,5346,5349,5355,5358,5360,5360,5363,5367,5367,5379,5381,5382,5384,5386,5388,5392,5401,5414,5416,5426,5438,5444,5459,5471,5474,5475,5475,5489,5492,5494,5507,5509,5514,5516,5519,5525,5527,5529,5530,5532,5533,5541,5541,5552,5553,5561,5562,5563,5565,5566,5569,5576,5580,5583,5610,5620,5623,5625,5626,5628,5632,5632,5642,5651,5672,5674,5675,5680,5681,5685,5687,5690,5700,5700,5705,5714,5723,5727,5740,5759,5764,5764,5764,5765,5769,5777,5793,5793,5799,5801,5806,5810,5814,5822,5834,5836,5841,5842,5843,5846,5847,5858,5882,5882,5883,5893,5894,5895,5904,5908,5910,5913,5931,5938,5943,5949,5953,5957,5963,5968,5971,5973,5982,5983,5986,5989,5990,5995,5998,6003,6004,6023,6027,6029,6029,6047,6053,6055,6064,6065,6076,6081,6083,6083,6100,6107,6111,6112,6117,6151,6162,6169,6179,6184,6191,6196,6196,6200,6200,6201,6210,6211,6214,6233,6236,6237,6241,6241,6250,6259,6265,6267,6268,6270,6272,6278,6283,6285,6298,6303,6316,6324,6327,6327,6331,6332,6338,6345,6347,6348,6369,6373,6383,6395,6402,6414,6421,6429,6433,6438,6443,6445,6448,6477,6477,6486,6487,6487,6489,6495,6509,6512,6513,6528,6529,6531,6538,6545,6548,6549,6557,6559,6560,6562,6565,6567,6571,6573,6580,6589,6590,6593,6599,6600,6603,6608,6612,6613,6620,6629,6630,6634,6650,6650,6671,6672,6674,6688,6713,6717,6730,6730,6743,6747,6748,6767,6767,6768,6770,6771,6772,6783,6786,6790,6791,6794,6794,6802,6804,6805,6821,6858,6860,6878,6889,6905,6906,6909,6910,6947,6962,6971,6990,7003,7011,7016,7018,7028,7031,7034,7038,7046,7047,7050,7050,7057,7058,7071,7073,7086,7087,7088,7103,7104,7109,7112,7115,7117,7122,7122,7126,7129,7141,7148,7149,7157,7159,7160,7165,7177,7180,7182,7183,7184,7188,7190,7197,7201,7201,7202,7202,7206,7215,7219,7230,7235,7245,7252,7270,7273,7274,7276,7283,7294,7295,7303,7313,7314,7316,7322,7341,7342,7346,7350,7358,7361,7365,7366,7375,7378,7380,7386,7387,7389,7395,7397,7397,7409,7412,7415,7428,7429,7435,7447,7447,7453,7458,7464,7476,7477,7480,7480,7496,7501,7504,7508,7509,7520,7522,7526,7526,7534,7537,7538,7571,7571,7572,7579,7583,7591,7603,7605,7606,7608,7608,7609,7612,7615,7619,7620,7626,7642,7646,7648,7654,7658,7659,7664,7665,7668,7670,7676,7682,7682,7686,7689,7705,7713,7718,7727,7727,7727,7730,7733,7765,7767,7771,7773,7773,7773,7774,7779,7782,7797,7808,7809,7811,7812,7816,7821,7825,7826,7838,7858,7870,7879,7881,7894,7898,7899,7899,7907,7921,7921,7923,7923,7925,7926,7933,7934,7934,7944,7947,7950,7951,7952,7979,7983,7984,7990,7990,7992,8024,8028,8029,8034,8040,8043,8050,8062,8067,8068,8074,8076,8077,8086,8086,8096,8102,8103,8115,8120,8121,8121,8127,8129,8139,8142,8144,8148,8149,8161,8162,8168,8171,8179,8191,8200,8204,8205,8207,8208,8210,8213,8215,8219,8223,8225,8230,8231,8234,8238,8246,8249,8257,8258,8276,8281,8283,8286,8288,8292,8294,8295,8307,8310,8318,8321,8332,8338,8341,8341,8344,8344,8347,8348,8365,8374,8387,8393,8399,8407,8417,8421,8431,8436,8443,8445,8459,8460,8465,8467,8470,8479,8485,8496,8497,8500,8507,8509,8510,8514,8534,8537,8545,8549,8554,8569,8578,8582,8583,8585,8586,8590,8590,8591,8598,8601,8605,8612,8615,8617,8627,8632,8643,8643,8645,8646,8649,8659,8663,8665,8666,8673,8676,8682,8688,8694,8697,8697,8720,8720,8722,8729,8729,8731,8744,8745,8747,8767,8772,8773,8773,8781,8808,8820,8825,8832,8832,8834,8840,8840,8850,8851,8857,8869,8875,8875,8881,8888,8888,8904,8919,8921,8926,8928,8929,8943,8945,8948,8964,8966,8970,8975,8976,8985,8987,8992,8995,8998,9000,9002,9006,9013,9022,9033,9041,9044,9049,9049,9051,9051,9058,9066,9071,9074,9074,9091,9100,9101,9128,9130,9131,9135,9141,9142,9157,9162,9165,9166,9173,9185,9196,9199,9199,9203,9205,9205,9207,9215,9219,9225,9226,9237,9249,9249,9252,9255,9260,9264,9270,9271,9279,9279,9282,9286,9287,9297,9298,9298,9307,9313,9325,9329,9333,9339,9339,9344,9344,9346,9356,9362,9367,9369,9371,9372,9374,9383,9387,9393,9408,9409,9411,9414,9422,9425,9432,9436,9440,9461,9466,9474,9476,9479,9486,9486,9495,9498,9522,9529,9533,9534,9534,9539,9544,9552,9554,9567,9570,9576,9589,9597,9597,9601,9605,9609,9615,9616,9620,9631,9632,9632,9633,9648,9651,9656,9664,9674,9679,9693,9709,9713,9716,9720,9725,9725,9730,9730,9731,9745,9746,9752,9753,9755,9755,9758,9766,9768,9769,9794,9801,9804,9806,9812,9814,9815,9820,9822,9830,9830,9833,9835,9847,9856,9858,9866,9875,9877,9888,9894,9895,9902,9907,9910,9910,9910,9912,9913,9915,9916,9921,9934,9936,9941,9942,9947,9957,9969,9971,9972,9977,9988,10006,10009,10010,10010,10014,10028,10033,10046,10047,10052,10053,10061,10062,10065,10066,10075,10076,10079,10089,10091,10100,10102,10109,10122,10125,10128,10131,10133,10139,10148,10161,10161,10165,10176,10184,10196,10199,10203,10217,10220,10221,10222,10223,10227,10230,10235,10235,10237,10237,10238,10241,10243,10244,10252,10257,10270,10270,10275,10280,10281,10284,10287,10291,10292,10294,10300,10300,10310,10310,10313,10315,10316,10316,10334,10335,10340,10348,10349,10349,10353,10358,10359,10364,10369,10373,10377,10377,10380,10384,10388,10389,10393,10395,10406,10422,10423,10428,10446,10452,10453,10453,10454,10457,10458,10459,10465,10466,10475,10476,10483,10485,10487,10490,10494,10503,10504,10504,10507,10517,10522,10528,10533,10540,10543,10543,10545,10554,10555,10556,10564,10565,10578,10578,10593,10595,10596,10598,10598,10599,10606,10607,10609,10614,10615,10626,10628,10632,10634,10636,10639,10650,10658,10666,10668,10670,10671,10679,10681,10683,10692,10693,10698,10707,10708,10714,10718,10728,10746,10748,10749,10750,10761,10763,10778,10779,10779,10784,10789,10790,10798,10804,10806,10821,10825,10829,10837,10838,10843,10851,10858,10864,10877,10878,10894,10904,10914,10922,10922,10932,10933,10940,10948,10949,10971,10971,10971,10978,10981,10984,10987,11000,11003,11004,11012,11034,11039,11058,11059,11087,11088,11089,11090,11090,11101,11111,11119,11133,11136,11138,11144,11164,11168,11171,11174,11176,11180,11180,11191,11191,11193,11194,11213,11218,11233,11233,11235,11240,11255,11256,11266,11267,11269,11271,11276,11282,11283,11284,11288,11292,11308,11312,11312,11313,11316,11316,11316,11323,11324,11325,11329,11344,11345,11359,11363,11374,11384,11385,11399,11412,11414,11415,11419,11430,11430,11439,11440,11451,11451,11452,11452,11454,11455,11456,11461,11466,11467,11471,11472,11478,11486,11490,11499,11499,11500,11509,11509,11534,11543,11557,11558,11559,11568,11579,11586,11587,11590,11594,11594,11595,11597,11598,11617,11618,11621,11622,11635,11655,11657,11665,11673,11677,11683,11686,11692,11694,11694,11704,11707,11709,11713,11730,11736,11740,11746,11747,11752,11760,11761,11769,11771,11771,11771,11776,11808,11815,11815,11822,11832,11834,11841,11841,11844,11852,11857,11860,11878,11903,11903,11911,11912,11921,11924,11927,11937,11949,11961,11968,11968,11976,11985,11988,11992,11994,12006,12007,12014,12021,12030,12031,12033,12047,12057,12058,12071,12072,12072,12084,12087,12103,12108,12115,12118,12121,12127,12128,12129,12130,12136,12139,12143,12145,12156,12167,12170,12177,12177,12182,12204,12210,12212,12222,12224,12230,12250,12250,12251,12255,12256,12263,12271,12284,12294,12296,12301,12306,12311,12317,12322,12326,12329,12331,12334,12340,12354,12358,12365,12369,12373,12380,12385,12393,12394,12409,12412,12413,12417,12419,12422,12430,12434,12441,12444,12464,12471,12477,12478,12481,12482,12483,12490,12494,12496,12509,12512,12522,12535,12535,12537,12538,12543,12544,12544,12557,12559,12562,12563,12570,12575,12588,12591,12601,12603,12610,12613,12630,12639,12641,12647,12648,12650,12658,12659,12660,12666,12670,12672,12683,12699,12701,12704,12705,12710,12716,12720,12720,12725,12730,12731,12735,12742,12744,12747,12767,12767,12768,12769,12770,12774,12778,12786,12787,12796,12801,12812,12814,12815,12821,12823,12834,12839,12840,12848,12850,12851,12852,12861,12878,12890,12893,12895,12899,12900,12904,12907,12909,12912,12916,12918,12920,12920,12931,12936,12945,12952,12952,12962,12982,12983,12984,12985,12995,12996,12997,13005,13005,13006,13006,13013,13014,13017,13041,13043,13050,13062,13063,13072,13073,13076,13080,13081,13082,13085,13086,13088,13098,13102,13105,13106,13107,13110,13111,13116,13116,13125,13132,13144,13145,13154,13166,13167,13169,13172,13179,13187,13193,13197,13200,13215,13216,13221,13222,13231,13237,13239,13240,13245,13255,13264,13270,13272,13284,13286,13288,13311,13313,13323,13329,13332,13333,13350,13361,13369,13374,13378,13385,13388,13398,13398,13401,13402,13410,13433,13437,13441,13442,13456,13457,13461,13471,13471,13479,13484,13493,13494,13502,13503,13504,13504,13510,13510,13511,13513,13514,13521,13543,13550,13551,13554,13558,13559,13566,13585,13585,13588,13594,13602,13605,13605,13613,13615,13616,13630,13630,13633,13639,13640,13643,13657,13666,13673,13674,13674,13679,13684,13684,13701,13702,13726,13728,13730,13738,13739,13742,13743,13748,13760,13764,13764,13771,13790,13801,13801,13802,13813,13818,13821,13824,13824,13827,13827,13828,13836,13846,13848,13851,13860,13862,13870,13879,13880,13893,13898,13908,13909,13923,13923,13944,13945,13945,13951,13952,13959,13960,13965,13965,13967,13969,13975,13975,13976,13981,13981,14014,14015,14018,14019,14024,14028,14029,14033,14036,14038,14039,14041,14051,14051,14052,14062,14065,14065,14069,14075,14077,14079,14081,14087,14098,14102,14104,14112,14131,14132,14135,14136,14136,14151,14156,14165,14169,14186,14190,14193,14193,14201,14202,14203,14208,14217,14231,14242,14244,14246,14246,14250,14260,14273,14279,14290,14291,14295,14303,14304,14306,14316,14332,14333,14339,14350,14354,14356,14360,14374,14390,14394,14402,14404,14410,14413,14415,14415,14418,14420,14420,14423,14425,14431,14451,14453,14460,14461,14463,14474,14475,14476,14487,14488,14489,14490,14494,14498,14514,14516,14521,14522,14526,14527,14530,14530,14531,14550,14551,14558,14563,14564,14578,14579,14582,14590,14591,14597,14606,14608,14610,14615,14615,14618,14619,14634,14646,14647,14647,14649,14649,14655,14661,14661,14664,14674,14685,14700,14702,14703,14705,14710,14714,14714,14721,14729,14732,14746,14752,14752,14754,14759,14761,14769,14780,14789,14793,14794,14794,14804,14808,14810,14813,14818,14826,14831,14832,14833,14843,14848,14849,14851,14854,14871,14872,14876,14880,14880,14887,14895,14896,14900,14917,14920,14920,14921,14922,14922,14924,14929,14932,14932,14933,14940,14955,14959,14960,14974,14975,14988,14991,14995,14996,14996,15009,15011,15012,15016,15021,15027,15027,15032,15032,15034,15047,15050,15052,15067,15067,15077,15084,15087,15094,15096,15102,15104,15109,15114,15133,15136,15141,15141,15145,15156,15168,15172,15176,15177,15180,15183,15183,15194,15217,15218,15221,15229,15232,15233,15236,15236,15249,15251,15258,15259,15270,15284,15285,15292,15301,15324,15325,15329,15329,15335,15336,15336,15352,15353,15357,15359,15362,15363,15366,15369,15372,15374,15375,15379,15392,15402,15411,15425,15426,15427,15430,15437,15442,15453,15455,15456,15459,15467,15468,15468,15475,15475,15486,15489,15497,15497,15505,15544,15544,15546,15549,15549,15550,15561,15564,15566,15570,15586,15595,15600,15610,15622,15634,15641,15661,15661,15669,15674,15674,15680,15686,15692,15693,15698,15706,15710,15718,15725,15734,15736,15736,15753,15754,15755,15760,15768,15768,15771,15775,15776,15776,15779,15779,15783,15783,15785,15793,15795,15798,15801,15802,15812,15816,15818,15821,15824,15826,15830,15831,15832,15835,15842,15843,15843,15851,15853,15863,15864,15868,15876,15876,15885,15886,15911,15912,15913,15925,15932,15934,15938,15947,15952,15957,15961,15963,15965,15977,16006,16007,16027,16027,16041,16050,16051,16053,16055,16056,16057,16061,16067,16070,16071,16073,16074,16077,16084,16085,16105,16125,16128,16129,16129,16130,16130,16137,16138,16141,16149,16156,16158,16163,16168,16170,16174,16175,16182,16186,16188,16188,16189,16190,16196,16203,16207,16213,16218,16228,16234,16234,16236,16241,16245,16253,16261,16271,16274,16277,16278,16278,16286,16294,16295,16303,16304,16313,16314,16322,16324,16325,16329,16336,16339,16340,16342,16348,16353,16356,16356,16359,16362,16367,16368,16370,16375,16377]
14
