100000
[1]
15
[18,28,11,8,22,16,24,18,26,26,21,24]
100000
[4,5,4,2,1,1,4,5,2,5,3,1,2,5,2,4,2,2,2,3,1,4,1,3,3]
100000
[1,5,4,5,4,1,1,2,2,4,1,1,4,5,3,3,4,1,4,4,4,2,4,2,4]
8
[100000,100000,100000,100000,100000,100000,100000,100000]
99992
[477,48731,581,898,368,313,15915,219,340,50012,42545,16310,134,19,347,349,261,407,288,517,95915,26793,43946,494,76984,63,435,57078,316,58685,53900,564,36,339,20,868,888,56646,858,120,482,291,793,347,878,26948,939,439,694,772,79444,359,304,503,745,55,70130,782,464,236,777,252,530,511,22635,13,36102,36,221,513,96,82354,710,19782,13694,80334,791,70513,317,873,395,186,89355,20,240,130,34347,254,11540,65222,454]
95591
[29214,14,763,822,499,3,284,170,390,929,677,927,580,26516,25199,14072,350,41880,928,667,216,40,310,905,956,422,10140,839,45172,584,664,463,438,50295,599,506,849,70440,68353,397,577,294,710,85990,532,697,529,85203,337,976,285,721,959,80019,296,77286,967,338,763,440,657,274,199,702,297,57,346,685,747,26711,62450,59515,200,891,646,20381,168,123,207,125,339,548,268,208,788,738,465,449,549,388,66116,66758,54717,174,959,465,946,523,320,179,31054,862,362,908,106,92,392,326,913,84766,226,16383,870,68410,23864,885,858,402,16623,997,80955,90457,40,328,809,690,345,433,789,919,489,27742,56120,32,589,228,569,846,890,91638,344,57167,854,877,194,106,189,57261,505,149,239,231,25,662,148,15641,159,707,835,613,452,503,632,904,391,176,71,869,735,231,52,43446,627,4,499,123,131,910,63953,644,731,68379,58876,67,544,200,767,12559,506,47,300,26058,705,618,168,137,687,110,484,533,115,885,48415,413,193,397,985,527,885,756,683,103,80984,208,675,96785,532,975,849,677,823,759,41,129,201,81329,723,760,162,506,65,249,894,117,32811,709,525,763,270,634,315,101,510,960,35259,614,66,10152,875,23071,71551,44381,92287,86137,797,3,43231,591,473,917,971,514,878,305,533,516,67,171,504,748,48,88,21570,383,70,344,853,595,523,731,994,20517,433,38701,26,158,533,854,960,326,479,999,375,807,38746,492,979,109,380,704,346,426,703,753,48479,36414,352,878,500,11,650,22,532,23313,788,43186,576,930,263,107,563,676,552,923,412,314,82407,98,39269,300,195,44,251,863,3,18507,864,660,426,63129,941,307,81852,26659,47105,233,786,43,773,398,37156,48651,524,705,180,158,444,114,434,982,925,590,171,990,967,679,303,76325,831,242,350,601,258,707,583,997,89,21573,452,929,421,639,285,637,601,299,732,477,762,924,32648,41667,25457,460,462,68,108,410,405,27,59159,550,689,30,126,611,37851,345,212,872,82470,375,144,778,165,834,42569,49,833,54698,17566,999,231,697,438,930,537,493,169,70,298,35225,520,126,933,246,964,654,20970,130,386,45772,368,550,471,589,406,220,431,64865,560,19883,75317,464,72124,548,32980,408,554,157,109,549,42294,926,590,811,633,805,968,29545,141,655,23290,336,61,71,51895,109,47849,68368,22103,323,15754,66,795,52598,889,958,29996,419,403,64228,233,500,24,756,707,977,974,93526,780,594,327,105,644,275,954,28637,735,881,29198,443,101,345,718,915,50555,80,149,107,98481,56845,472,84092,154,387,235,394,426,97614,387,88527,170,949,212,803,44,61460,144,56612,210,896,265,743,361,579,282,81107,606,62095,485,282,26614,99253,573,71180,296,536,244,196,156,196,525,967,897,687,114,49964,109,952,83,479,896,681,56539,19615,534,141,456,767,628,882,942,819,41,721,325,785,421,62265,242,38,736,122,16871,731,33542,239,951,989,928,85484,558,753,494,354,13617,515,679,676,760,889,585,89322,222,569,976,42,34465,651,501,702,435,728,695,98910,132,735,56,902,25960,160,525,81,882,12523,794,781,219,398,35065,161,377,915,199,896,678,287,98,94528,522,300,301,268,477,11788,594,48690,83582,57079,721,421,399,301,49801,49984,551,235,757,542,187,627,20,748,133,565,111,232,103,344,45,40,78695,87589,25,723,452,230,443,701,157,767,140,912,35,125,48708,990,634,749,750,951,972,64026,55807,540,175,503,606,241,311,263,41469,193,627,63,340,849,44,955,923,153,80,583,231,91,69,535,75,588,613,370,804,77568,667,377,148,507,601,430,310,97,30790,729,56463,255,881,650,285,86521,505,11,112,243,833,310,264,7,637,725,79146,83024,838,177,658,67,872,143,987,864,362,81485,393,79715,873,49379,396,942,941,776,827,66436,83623,21502,267,540,94202,308,615,483,746,21060,957,526,185,62,326,238,181,40454,19215,818,646,39,336,93804,594,335,178,859,431,896,731,254,741,867,962,14176,375,97532,519,74046,61991,601,998,519,87315,52882,653,223,324,967,890,209,347,57380,811,408,512,35,814,962,35020,841,785,77155,66,643,995,890,173,140,53582,121,794,31507,239,243,221,279,509,39,694,189,37845,914,69591,875,482,809,905,393,206,514,787,942,463,660,55433,418,91,500,342,171,195,418,53433,554,360,227,95791,97645,940,356,58,34794,804,234,25255,78,287,933,780,50685,47622,552,93138,215,619,213,675,59315,902,268,695,756,637,776,23152,53690,412,547,34121,253,489,942,27,73269,411,881,23262,437,687,821,95542,948,142,736,479,202,872,776,572,474,576,78888,11922,68951,58599,270,431,548,39259,496,119,43,812,915,365,367,751,60691,882,381,796,898,40905,903,261,51843,701,34495,27731,356,361,449,804,524,172,748,851,906,16187,669,28992,774,452,919,453,642,278,61713,683,591,596,542,446,85245,491,571,646,93751,167,808,330,966,341,653,204,985,26,64028,479,713,587,887,408,857,16,81033,612,645,810,510,263,117,75227,168,788,284,509,50138,130,923,276,659,85896,383,689,668,99524,798,36,142,830,34433,738,657,845,79429,643,602,264,885,955,54,504,488,81589,303,281,808,87807,18549,92976,903,329,705,928,615,8,750,185,192,48,65,594,529,92210,229,501,384,67409,222,849,635,699,86,446,974,62,21653,980,701,993,212,487,975,251,967,553,13102,165,800,93602,301,747,443,867,220,727,314,923,674,598,894,99,77,314,901,81,918,925,75,470,50,615,338,376,886,326,379,855,494,82397,599,705,344,618,42873,44398,24,17796,689,351,37795,748,756,474,139,256,982,49276,133,744,84,1000,830,262,48671,48405,738,70502,456,767,579,72587,509,9,107,12487,786,304,548,88672,712,13660,828,230,198,81876,72218,371,32,25,497,202,28076,31766,150,679,591,916,62587,190,94139,758,907,940,989,144,68,584,356,56215,222,855,869,542,447,123,688,717,18,237,359,839,861,53193,879,237,77044,38932,11,270,990,794,96,34097,88,753,764,45622,271,498,39975,201,626,250,545,512,616,27,51407,133,109,715,808,53,596,435,853,64397,64,13963,35,82135,40667,981,505,78692,927,603,298,935,940,881,76673,961,229,127,35711,853,62945,884,865,657,262,86860,279,443,502,743,448,213,50,562,767,88,670,38,989,523,250,104,805,659,63384,849,892,25,60909,668,465,998,198,798,549,23,415,656,88,47338,143,220,898,402,35,285,528,376,239,680,749,999,21,516,574,880,193,414,127,772,385,698,992,486,933,75,21559,891,49799,72987,366,42947,169,836,597,314,947,630,593,53,32169,887,32586,780,691,84,517,92,52032,900,968,235,654,528,192,705,720,905,23124,85860,101,35201,32212,53,462,90,28,384,28310,577,722,846,354,185,72,580,17,28,728,941,899,633,111,464,508,286,35,916,190,204,59850,545,859,980,296,807,391,42,18,885,11934,708,113,276,337,106,125,2,266,7,685,293,85499,288,461,84731,27083,384,965,73157,368,421,952,922,542,126,963,876,646,13573,927,840,114,308,51079,231,626,59,171,188,85,714,33451,971,97602,831,89652,193,618,314,576,256,82800,160,683,938,322,524,531,638,93,160,85983,59261,984,701,32901,332,345,307,614,901,724,549,345,288,885,894,253,720,71123,398,156,344,455,375,676,92,408,119,383,573,954,98588,481,145,382,618,89321,83,995,547,54397,57,477,679,530,300,194,216,448,389,416,96702,13058,37364,22686,463,665,324,72663,581,214,68501,775,44,811,95889,35373,976,93642,194,564,557,989,994,82301,249,107,939,809,500,427,46125,963,368,336,18556,34,605,635,39640,47574,69,392,32858,36974,841,189,42153,507,531,70,539,68539,94281,517,559,308,69963,326,28481,24984,94524,326,498,179,47307,62,61967,995,49142,934,505,759,361,57312,772,127,23,157,20,28636,369,227,477,293,447,989,64517,966,685,92518,91586,436,72547,667,122,38595,50,970,874,463,574,906,17984,798,388,93491,602,595,905,95266,598,74,52357,832,80953,794,599,82031,14254,527,590,868,218,62592,29805,146,27106,31390,59195,23217,979,286,286,123,68460,78153,962,70596,101,952,769,800,882,896,308,455,304,43470,793,576,483,639,735,674,870,162,645,72304,78134,19,782,349,206,505,250,613,956,856,329,817,647,642,301,624,806,955,686,978,762,847,965,306,874,23,591,602,582,367,65733,98753,443,272,321,833,558,224,371,6,634,783,746,17839,798,381,35621,627,812,110,774,18467,256,331,634,69,232,302,62,504,197,276,45,541,211,35677,99636,98779,697,592,874,436,90691,979,589,400,777,275,89491,746,731,931,221,990,292,227,827,733,366,920,787,131,793,296,854,629,4,773,429,831,557,903,93470,70765,757,305,745,17929,50660,708,63297,575,10438,835,789,80295,308,275,26,946,165,946,262,96,919,641,712,11649,131,54673,945,857,73309,619,700,641,27055,587,217,718,93582,650,57758,265,955,315,153,126,571,65,670,18928,18134,366,507,15,28,432,430,488,914,6,859,949,29642,983,88976,908,645,949,175,97,210,23,158,335,540,309,607,81500,375,130,464,772,42900,564,627,42023,40651,746,41,563,139,74692,911,904,31484,352,78278,65864,885,369,70547,122,18198,275,26,703,297,574,859,41286,527,326,561,396,420,29313,879,579,92783,514,346,38147,148,210,922,32274,310,103,839,648,98135,379,300,521,164,81997,605,73773,386,467,824,979,504,215,684,629,568,325,43003,759,836,708,873,20628,193,89191,39333,511,93224,402,112,546,45,86321,761,508,995,503,631,680,19,592,915,17952,109,49,31114,288,487,17,840,193,159,551,35080,630,147,821,133,582,53535,36,185,898,692,744,255,671,422,254,790,30,302,799,973,172,905,495,44500,535,70771,20,768,544,319,77,368,832,305,719,455,295,389,957,539,745,876,15,577,146,901,198,153,641,53871,92497,216,887,404,943,92473,912,18251,963,839,652,212,957,14639,641,194,897,63349,652,62179,240,250,125,493,60,603,648,678,29,970,906,523,162,114,585,140,194,191,13,386,641,557,99506,589,672,493,518,29,243,20,35236,99128,953,622,716,351,980,749,34044,17114,24,590,449,182,818,306,70,316,32018,80702,386,701,917,367,51336,415,78,567,275,388,197,77011,260,321,1,47735,876,981,780,485,65318,463,42081,217,241,507,31585,657,538,278,236,64877,503,809,485,920,889,893,474,71140,857,56,139,557,60169,557,758,366,923,914,81,560,58,770,625,877,131,864,27157,440,956,89755,45,313,205,709,345,79,213,36145,443,63869,778,122,837,235,570,841,257,100,49,55957,334,19508,435,52292,386,195,893,751,78204,42555,8,924,186,102,784,2,89980,606,34685,87871,32141,137,13081,554,103,69779,22905,940,473,496,140,218,631,98259,351,655,78180,566,778,751,529,742,743,769,862,671,97622,42,30137,37289,966,214,588,751,463,169,59320,589,69,91196,313,549,488,197,553,931,943,605,357,98752,33051,85466,338,413,638,675,278,26841,26762,109,656,469,43109,496,322,28185,836,584,650,65079,392,719,134,860,697,19690,222,108,326,84271,637,750,638,743,845,173,870,460,14417,873,276,631,918,972,796,699,542,727,954,596,989,438,383,158,508,20,219,40982,713,342,14939,896,726,332,754,619,587,18846,35110,454,932,822,139,791,99990,570,347,658,39,31844,38,294,986,806,551,600,574,206,974,126,828,777,561,55274,328,514,404,658,296,877,11,302,333,788,27021,223,195,823,495,75654,41017,658,310,688,73083,67137,92337,710,755,42256,16029,109,259,536,993,20190,786,580,754,232,863,799,36611,628,720,725,141,850,955,594,107,634,78274,294,758,37,135,20734,122,40245,597,29239,42,71957,408,729,56007,71,643,78995,635,716,612,997,203,919,44739,809,30682,439,693,205,570,196,332,943,152,52095,67413,3,628,35172,32763,249,678,564,787,763,205,89937,165,930,663,704,760,485,462,74061,732,854,245,718,807,56284,922,475,598,554,95,54553,52080,790,91575,828,511,77939,151,908,445,574,297,420,153,46462,363,623,548,30318,791,12,84,474,138,73916,504,127,867,116,318,315,854,830,12960,19016,83102,183,668,804,189,314,511,21,623,41602,998,303,274,493,821,182,84,59273,717,75680,663,341,448,962,722,970,485,970,336,712,942,135,209,605,915,794,282,209,222,194,895,80293,999,692,494,18114,807,129,176,472,790,304,481,723,365,615,941,732,55599,924,407,770,630,714,728,358,307,153,489,170,46592,55952,196,306,481,150,144,343,352,802,427,209,621,786,604,34870,883,38157,118,78438,12208,589,221,83289,772,454,835,250,300,80504,499,142,268,72,465,299,41,531,90814,161,222,370,907,78935,42281,11,167,428,498,711,285,764,474,77317,655,96418,25069,221,91331,388,72,524,597,328,516,56,964,906,188,446,514,90789,262,152,858,241,33251,347,741,326,544,191,771,501,13708,962,739,38,976,77313,82,577,489,37,259,607,646,486,421,32,231,24,21,390,322,260,831,357,990,625,424,168,108,140,940,679,836,61,546,781,915,75,80,525,1000,367,879,950,305,83023,603,647,276,308,179,617,32088,854,520,569,403,908,804,725,691,680,758,625,39776,311,188,80663,384,543,33594,51473,10176,709,648,683,529,23895,615,98572,95342,657,311,417,934,667,752,95410,908,7,793,359,790,830,28567,364,74769,427,891,544,333,55252,32557,651,641,813,82,75,273,991,848,940,228,579,283,410,977,148,394,1,935,781,31755,683,361,983,316,344,86,441,687,803,130,136,488,798,575,912,181,104,44143,796,586,116,314,207,661,67353,783,662,198,680,998,785,147,421,927,73,13877,155,290,274,105,844,232,24188,31,877,897,485,585,964,21771,62633,50703,856,73,126,803,207,275,976,471,50995,685,99631,595,570,68,66818,958,12169,32,19017,227,620,775,812,71466,36629,817,311,687,286,689,60089,414,823,21783,45,22,281,234,742,335,248,131,62,892,577,451,954,66,464,76244,50276,48979,478,96099,874,758,717,51455,440,813,61305,277,339,744,25334,494,939,82872,765,701,85,236,725,94466,449,997,81907,241,230,882,723,26829,325,1000,832,326,751,368,47732,889,859,313,91215,15,339,533,444,318,109,213,920,60354,67405,899,51,403,658,26702,52,26,633,133,427,930,769,36983,488,767,704,38313,529,33603,754,184,917,404,178,287,85,694,224,31,78989,339,365,646,415,59,913,976,788,474,132,14492,85,548,347,934,63696,535,68410,89046,915,590,34826,237,390,718,11659,582,218,53560,55675,853,20152,772,26437,438,752,213,989,24695,899,60611,28198,952,63,540,374,78859,849,588,5,497,51,76814,578,201,751,9,112,617,232,86267,924,868,953,204,860,175,70686,900,255,80657,44159,176,45,827,613,86749,66527,198,481,30713,254,843,490,81653,982,483,532,626,81707,188,15,778,212,353,59055,29174,496,46677,28699,275,45236,532,307,411,459,380,71533,798,14899,651,168,843,658,50912,813,25,537,187,69213,980,659,304,416,988,340,389,296,978,194,729,33498,717,553,84260,378,489,988,840,76498,177,259,63546,43666,39963,212,660,88150,878,57952,287,533,904,86044,426,185,192,273,225,236,449,196,715,304,22438,215,77260,955,911,4,480,647,820,53392,81,289,991,440,69397,226,309,667,434,23114,226,85813,60745,93668,961,82240,65673,83136,17,479,334,316,332,657,56582,249,167,185,159,745,129,56154,37619,417,635,464,746,301,16055,124,584,730,742,812,136,572,401,952,505,139,311,578,301,267,652,983,728,971,592,900,581,432,943,574,59181,14147,735,753,722,821,255,49242,88432,208,60750,751,178,36866,34034,714,93017,788,104,51,719,164,25984,983,174,75230,439,85405,348,652,240,456,89478,95111,627,941,267,80496,41815,21624,73,113,23,316,321,340,314,153,926,772,89103,600,62937,44783,216,167,58634,92,536,642,163,181,924,489,972,837,742,33125,159,774,6,61,99,713,874,78956,801,19829,32589,289,373,267,135,962,261,550,688,295,76513,255,35227,12958,356,650,189,635,901,266,930,152,641,316,998,867,176,22792,866,90439,157,165,580,943,195,874,110,318,942,280,302,689,804,974,12015,877,485,66224,54,765,543,885,562,10617,607,735,78729,962,75920,379,69,284,934,215,126,706,19143,75570,566,528,533,115,123,239,887,319,77698,795,25628,37,2,47677,511,425,752,564,240,909,48,491,79,477,961,588,199,75716,574,665,383,77992,879,374,65558,426,915,18146,962,803,99188,771,724,982,774,80962,588,308,58515,711,731,27592,689,345,546,781,408,146,815,358,59,765,608,723,20508,846,22136,651,952,874,969,229,389,161,47,36678,62,908,869,431,575,331,535,122,75115,92083,966,104,842,406,965,683,425,820,520,678,147,38,795,554,925,380,227,856,552,427,846,49128,34972,118,504,670,417,79030,293,655,45238,766,224,386,578,490,345,478,71740,117,512,440,677,99,511,998,933,364,531,852,45124,925,1,46,706,399,83195,78602,79515,33206,67860,80418,60,93762,738,734,67032,637,27399,83,58225,264,28,575,157,304,398,752,363,12,402,990,24948,200,62119,553,88669,565,238,14,197,402,848,457,55295,41844,111,650,276,22061,97250,389,419,927,44,386,714,779,52344,187,65614,78408,219,207,502,265,74,649,631,799,27156,204,429,296,699,96,617,39,560,52,956,804,81,420,169,602,410,381,811,555,79381,223,79392,80516,937,32053,564,780,38906,63029,69148,53594,29,279,561,971,801,91536,914,58826,491,94,433,757,828,21,165,858,19263,294,581,44064,858,644,776,374,183,627,753,52280,531,86,96187,462,338,477,207,614,496,939,415,79948,78,980,37887,75225,307,90,11,88491,79790,492,75,24379,368,84895,586,160,23,415,361,893,888,911,787,135,342,680,929,986,492,661,39150,882,948,48651,58228,995,296,96,852,800,551,99666,450,871,51,780,104,43378,776,87718,976,896,958,596,371,553,864,311,705,686,71,494,710,52,34565,823,157,907,241,492,409,7,483,967,416,19269,109,484,656,15353,46458,335,288,79,292,63099,460,306,381,582,328,535,544,602,970,555,938,67364,364,743,225,621,731,64,595,29844,10008,392,950,398,547,278,279,953,720,9,282,208,92221,508,17208,561,93469,15059,170,90171,850,587,760,836,262,299,12,970,917,882,75214,81,481,998,62,680,694,601,17102,190,523,557,863,283,742,29,636,685,230,558,308,31483,533,747,64,257,334,203,198,1000,476,340,14741,166,26798,398,884,263,53,851,640,670,880,746,492,761,59525,83061,354,100,23527,29,698,178,509,559,52,615,846,852,104,950,490,614,296,312,498,262,315,30532,631,717,553,641,635,186,825,258,236,847,32960,86,89,75726,793,951,219,245,696,496,62612,324,62005,552,807,148,944,567,76,148,48573,203,702,863,56,362,565,49,382,334,39,25710,181,589,372,952,207,2,22908,887,3,400,911,577,46194,34135,547,96,59314,791,730,176,38,136,579,51050,415,674,594,703,52405,375,273,368,10721,46050,397,26075,785,812,589,824,937,861,390,57428,568,324,56,932,567,498,679,41,53414,866,86368,834,820,20123,853,13358,448,981,98,162,453,164,99849,67,361,643,93496,692,809,484,364,46724,863,29416,12,774,721,55627,41010,707,41953,91795,73845,729,188,348,65452,88,6,461,416,67003,40,113,73720,712,879,852,70524,95696,43227,379,276,524,36707,956,617,16265,335,273,96826,952,47275,943,46319,41406,82975,108,567,36665,813,473,330,166,67,765,664,104,310,158,250,684,474,134,297,37711,126,471,301,407,198,951,930,998,206,677,143,90629,857,756,890,767,662,295,737,250,674,49534,16252,987,612,315,11124,956,462,591,21280,524,156,489,258,44,81532,235,434,653,511,92213,519,678,52337,863,808,53713,565,924,869,7,79866,653,623,812,858,28,22515,662,610,414,27,582,922,332,200,820,625,58028,22276,734,496,14439,97074,24310,611,26881,355,874,908,33,520,139,159,232,571,70640,659,999,84043,7,829,580,29421,242,56902,16660,493,702,201,14478,533,114,309,467,86403,419,61158,32,633,921,89924,617,722,62502,28294,77676,52559,9,465,383,78139,118,436,249,963,813,851,114,21115,504,150,88628,168,930,30834,602,27056,937,355,73822,114,681,689,47505,79821,321,695,779,305,58429,255,429,124,969,899,99153,691,510,475,344,54,302,901,622,249,998,756,860,863,603,933,764,42467,193,224,819,939,140,420,412,792,454,396,93022,58799,449,533,21131,30562,124,398,815,24237,94,57907,607,66719,933,161,916,821,35,737,78,88661,706,938,47504,320,890,139,489,817,304,71998,491,218,764,954,670,10165,89784,989,399,27584,295,594,871,336,383,62,654,20446,461,253,57,40674,175,980,43209,418,481,762,855,541,61526,486,83935,212,328,817,235,179,851,745,489,25530,986,39,50,336,90919,89990,93679,30942,756,851,679,38477,90103,598,856,367,804,603,315,893,927,90,49283,773,722,131,62,90808,199,988,9,225,622,808,366,787,718,876,220,411,708,141,49819,506,985,976,893,881,212,972,77266,29558,551,42234,228,98287,910,731,862,83484,669,796,285,87103,803,429,311,275,64,770,867,600,818,407,275,861,96469,386,83677,47956,370,241,685,18,91609,25307,103,511,179,195,27776,434,771,796,68845,557,706,16,77145,49541,308,857,179,127,865,762,403,820,477,188,286,367,550,72983,69,413,134,615,73,553,762,965,95668,703,823,15423,327,76,854,34636,602,576,432,573,465,728,32274,15185,837,73,301,312,33738,802,74,746,475,920,586,143,89,870,800,45562,284,119,494,552,82352,72245,742,817,498,637,86245,292,164,471,910,482,465,992,425,89815,566,149,412,444,460,693,855,508,707,10,91346,76,431,650,97072,429,24,529,389,435,396,851,675,164,164,50010,16491,618,779,249,677,187,504,674,93765,133,51,261,759,468,103,124,870,931,716,542,694,693,173,499,332,51958,912,545,170,801,972,338,245,959,192,763,823,810,79497,66246,411,923,43093,485,48,187,819,744,28812,979,375,434,460,29,487,479,305,780,778,131,83800,200,31785,879,871,14,73271,982,350,273,605,289,75431,782,542,848,55977,173,412,889,761,785,75089,198,11,831,305,585,24991,582,30298,94,175,983,386,384,977,901,71,45213,75,16136,243,786,515,648,508,791,92385,379,975,443,54291,250,208,74,251,159,364,705,619,63789,71,387,464,470,48287,889,412,983,203,414,964,506,26,266,772,842,280,54545,71,692,84200,70472,66,417,26063,299,565,43697,782,313,70038,303,227,332,526,793,450,750,958,555,593,673,328,232,549,83,19797,652,5,995,581,92142,494,915,30,833,48140,240,548,392,196,780,613,178,720,146,55979,26587,329,899,677,527,473,46872,99317,469,822,72809,11125,94159,519,103,79,10,438,272,309,524,141,362,45819,561,90367,123,879,42238,1,741,65224,838,298,601,885,848,750,65,708,434,55026,925,797,200,502,350,247,510,353,57835,459,571,79,134,557,705,11,864,934,342,868,686,34423,846,481,548,606,818,396,175,774,289,931,937,56325,575,367,54580,717,253,212,95868,29,635,347,878,975,254,89035,679,858,32069,43750,739,47684,21331,15703,282,355,72056,182,79423,50,455,407,478,522,972,757,646,694,83086,969,691,691,33,456,634,109,9,29534,702,46,664,95985,545,197,301,55482,799,97,61200,713,934,21,35289,68710,124,636,947,538,483,29,925,527,828,142,76,560,670,964,870,32613,443,840,13243,101,474,697,613,871,849,734,459,112,68342,10437,30712,975,969,413,605,133,191,141,192,503,399,465,160,804,160,977,123,328,399,477,15763,304,316,39,34,177,846,751,721,190,394,468,72,16558,744,861,90,23291,763,521,323,801,389,77,43985,285,87072,755,478,52985,154,361,56537,19,273,538,72,21561,311,404,32929,26454,439,622,222,30124,56299,603,161,250,43,181,99950,36107,33976,883,94933,569,838,18447,865,395,317,34,319,604,946,85,823,513,14496,328,280,186,73528,70513,210,810,518,694,233,62517,860,70165,872,49335,607,39350,34817,222,882,863,101,63,81121,14876,559,38930,985,56855,663,19,993,33,633,639,650,866,92474,475,211,228,670,314,944,730,383,77592,545,51894,226,96274,851,806,829,366,38,748,37,477,581,718,10020,56,81695,930,535,21785,775,331,662,432,524,632,75715,958,997,537,278,516,12,129,94631,51660,984,68103,67,12063,47561,268,870,876,17,92,473,757,879,968,610,17,324,78931,244,36507,713,350,664,14,741,65337,719,755,693,691,16071,500,20601,917,652,411,137,863,14282,925,83,993,977,408,522,253,429,264,373,29258,505,932,71275,798,888,95775,49,706,851,581,974,21279,716,48821,411,65082,284,633,28098,28636,443,249,904,539,531,52194,237,177,11,82031,342,508,815,622,884,64,626,19529,397,588,33501,131,510,974,897,72705,212,737,883,78096,695,58046,939,831,818,365,812,94044,487,440,94795,551,290,463,835,184,537,168,27,70953,535,382,856,468,945,486,526,148,458,937,708,92350,784,264,491,549,77665,24674,990,583,464,851,128,144,776,502,724,68543,122,638,109,543,371,501,72099,107,82547,798,67715,592,288,153,536,618,772,154,48,130,199,264,17,38940,878,769,429,67781,517,388,624,478,199,71681,1000,332,410,957,606,49508,985,564,1,682,222,89261,658,92446,139,80836,28678,224,557,932,926,372,899,720,658,953,107,418,823,66170,102,270,789,992,967,17217,408,30488,561,878,52,609,458,68,299,380,32,18354,662,218,52318,30874,965,55835,233,666,339,996,990,971,175,508,84260,743,470,695,488,23239,258,16477,498,96004,855,203,842,453,865,500,686,313,350,692,623,286,873,175,576,440,47127,552,644,128,901,770,917,597,25186,35935,76085,177,407,4,616,637,41571,892,492,81546,429,619,533,308,935,84,299,721,375,370,141,314,759,535,304,159,492,981,299,34,849,678,928,86,683,26115,204,441,838,242,665,37490,893,278,91569,102,200,496,786,127,35887,929,451,946,386,266,502,73,923,31187,707,67917,504,675,870,19908,686,707,286,544,241,780,32173,87108,425,461,294,376,922,644,48045,193,99116,632,323,77069,40185,34,92968,592,294,224,984,85301,92230,536,100,59790,161,294,865,626,823,65784,652,949,22591,230,66,449,14335,528,121,792,525,706,199,408,972,978,61590,95394,419,122,468,183,442,780,35,217,479,492,84129,743,860,947,972,290,137,508,680,344,327,492,407,887,773,466,249,812,70845,152,9,95390,747,336,94252,220,512,225,177,710,124,26,552,109,954,67587,363,174,250,859,122,653,978,3,833,773,535,35979,465,63219,279,64,348,994,882,377,702,901,716,422,411,14541,46215,641,19242,689,241,91,76660,318,266,55750,740,593,420,515,874,284,24311,797,686,911,927,536,663,627,408,287,169,561,675,226,543,176,20614,71087,544,397,13553,26806,350,75090,832,58,342,455,596,89745,369,147,969,489,575,598,424,671,88618,483,136,446,107,546,609,539,786,840,87,217,901,960,84682,81994,95311,845,400,606,192,255,640,182,332,795,505,449,590,967,54110,818,72,262,67147,157,881,570,966,98,967,583,474,650,429,953,882,21,273,424,96,518,979,76895,773,889,113,80933,572,59,236,311,876,715,453,113,85848,525,847,14,409,477,75473,925,224,38,381,32197,501,444,733,191,27,472,411,325,394,614,256,671,23361,359,767,23510,435,879,670,64636,451,162,628,450,404,930,781,162,69,633,721,370,16570,726,25386,913,453,81,14,544,675,267,90146,655,770,37082,506,429,355,78603,186,251,166,37617,782,882,669,11696,22,819,880,165,82082,74,78015,488,864,95170,671,71100,178,654,255,398,723,674,795,399,498,432,612,547,991,405,802,275,375,36,652,511,32,93241,582,717,813,767,348,982,976,621,215,57629,606,237,747,97,310,210,54265,48376,824,949,974,865,236,24,523,18282,963,484,797,485,311,484,58,51366,29006,93227,657,33573,459,98016,271,78,73257,89124,19,807,679,953,283,343,50476,370,115,59793,664,10932,38957,77848,179,457,236,50303,294,571,5,836,25199,473,64976,93603,475,41460,143,33286,911,249,345,400,298,647,168,169,714,34987,711,807,549,867,903,831,68,88424,44,806,410,668,235,769,751,98,70509,93,73257,51855,557,73,44023,110,761,855,26606,81715,28030,30,233,607,889,916,422,820,65,362,175,50,126,964,429,37419,951,436,42655,268,130,31592,76,132,65489,382,423,32136,487,986,913,652,977,80060,120,904,731,227,263,289,205,200,708,17,508,66808,198,305,418,328,267,31854,71599,601,207,291,723,26265,122,143,57,253,608,782,383,326,38,567,399,33273,391,907,698,568,52,281,35,567,707,992,863,227,362,380,317,57734,410,213,61480,402,271,55,564,213,300,952,384,737,649,117,15908,92221,599,491,80,928,476,567,500,90,204,20933,427,410,740,224,589,12663,456,17143,38086,244,99809,230,649,336,964,571,323,397,763,36321,928,808,964,98729,296,840,525,842,338,495,157,383,461,72004,580,347,45465,37,835,93812,30796,225,604,377,223,242,339,984,17714,805,392,974,660,284,332,840,972,224,451,96949,658,96,18950,170,553,75645,206,719,346,25242,62000,23776,537,22401,369,115,88,17380,318,528,222,463,266,659,979,122,56,827,523,252,23,846,431,133,741,239,68,370,89027,865,948,942,816,537,237,81871,265,597,287,32,57369,822,528,835,861,254,816,513,388,209,411,170,91189,196,55606,869,777,763,313,461,575,569,658,598,946,96,486,660,625,82,967,618,303,712,287,23,944,76811,387,447,4,765,452,82127,159,762,830,111,171,989,867,505,831,613,194,493,158,847,457,45379,283,920,933,90,239,79689,350,368,412,660,977,972,378,378,398,731,749,728,169,75,69,42,644,595,523,240,856,789,83,668,53907,509,730,47,187,787,358,480,81184,919,963,472,226,96,22546,8,334,659,357,230,313,951,766,297,13922,174,141,616,694,914,374,58,554,109,46128,21562,295,623,157,998,566,949,530,362,54075,646,70491,54766,94,733,597,190,11475,551,383,65859,185,218,369,31018,270,528,29201,940,183,402,69175,445,5,42477,48,32141,642,722,167,897,62865,4,982,89081,671,11770,69,660,42,108,83604,117,112,271,939,928,562,312,85354,456,955,835,170,464,105,112,413,72827,87587,521,279,207,753,88,340,769,510,760,110,46107,440,115,67,38399,48091,697,260,524,936,455,86107,783,18353,838,69677,604,22645,449,983,789,19,757,777,607,343,55045,43995,571,179,673,515,30,785,224,687,627,453,251,145,28630,536,54,4,738,75,70188,338,520,264,724,44886,771,67201,537,736,234,81,407,641,249,532,40055,35065,532,46778,154,979,996,228,705,128,406,511,870,99887,31226,27044,368,271,891,212,177,30819,511,618,441,183,78729,312,327,67,155,562,885,128,44718,471,816,54518,958,76284,35822,389,409,423,305,597,57957,922,93,500,38,814,997,36995,659,646,12242,32,50845,864,641,11651,807,858,3,879,251,243,345,216,353,385,444,596,981,64740,27080,423,956,913,707,96,883,239,35,359,864,755,712,950,904,361,85,81988,806,541,46,44851,671,59,10944,68679,556,906,896,80,476,608,308,28412,689,28076,657,565,418,229,310,113,308,762,146,45,723,376,85869,48357,25452,411,64610,71,94,448,107,39,446,881,28,80623,332,742,820,714,249,418,36,440,547,658,998,563,162,195,586,705,327,87,549,103,374,633,192,691,67,911,342,538,53799,696,779,442,629,90530,941,41,41,840,739,184,495,14697,837,836,315,97013,404,158,477,961,59310,854,394,217,27506,923,379,536,341,499,467,133,68593,109,255,983,226,414,941,329,611,261,712,81599,409,21742,107,933,28078,839,514,505,12721,46,550,481,598,117,345,336,305,518,141,608,294,83,708,339,297,87,49619,82134,261,25286,723,273,80728,271,881,731,767,91,203,209,174,75926,477,480,16509,578,495,355,216,656,800,380,211,624,575,6,915,126,288,51357,600,146,401,241,67638,538,998,356,178,324,340,234,515,757,725,137,870,181,148,63638,807,664,2,944,803,65169,227,536,188,61,717,10605,75166,562,310,13,569,286,52929,728,748,188,422,194,239,28,647,465,96,815,23817,450,706,632,189,52196,811,291,582,532,620,908,535,417,135,47,65668,820,521,917,73193,10301,90,751,376,87944,77,39253,321,728,95273,631,674,869,99275,274,435,368,63619,385,670,162,55298,153,756,207,22628,425,280,586,53492,844,488,874,847,826,990,463,193,49067,407,297,79535,239,370,365,712,308,431,851,25279,86,57284,810,62278,741,932,580,12,32,88,828,921,79594,442,977,144,964,840,83123,578,746,419,8,85576,188,831,19016,192,799,225,922,10353,944,376,779,96006,79239,348,870,25336,503,324,566,57499,713,312,84264,679,968,539,59770,964,856,608,105,852,540,762,336,889,638,392,240,55902,895,185,963,804,81812,27777,85510,866,825,316,557,799,116,40,41,419,639,599,232,81519,42593,71328,776,48406,332,21180,378,898,297,220,313,186,537,528,779,335,896,652,430,675,164,886,584,154,384,51666,494,77829,151,952,367,547,746,14983,511,998,599,354,690,70624,43640,47278,953,241,232,84,454,528,655,53592,28227,267,10,27561,287,198,958,62,924,13,982,643,238,789,995,395,681,870,385,107,541,538,70159,595,104,399,603,383,601,219,304,899,433,803,425,53962,976,681,95512,700,575,168,17,275,783,132,702,25,78333,966,868,27468,105,71863,424,189,591,129,561,446,238,538,243,791,32786,522,192,449,56,642,195,71316,294,438,249,412,963,774,721,492,790,998,352,840,993,33,53905,441,523,88624,426,23564,855,464,61,352,466,325,924,813,960,263,994,667,387,82,90,66533,358,863,731,67,749,97919,81564,446,301,720,285,963,449,176,77233,782,482,180,269,829,458,986,966,577,29,827,396,582,246,612,178,589,53297,52101,100,792,671,694,608,603,325,111,176,698,851,11766,84,970,514,922,837,671,312,614,27,222,173,681,929,11367,15240,53,875,281,878,81454,56140,63210,112,28352,473,551,830,16298,442,968,946,57,961,54744,40561,408,850,780,838,507,908,78979,183,451,444,58741,134,114,223,133,94420,416,722,956,816,35957,737,306,858,552,692,856,63,78,343,440,97,167,387,835,208,297,393,209,90669,609,400,513,77763,375,458,862,210,47,717,121,68986,492,971,867,135,229,403,71,70968,380,664,585,977,798,391,358,772,589,123,527,765,205,560,151,45,17378,778,457,916,517,59668,691,660,257,980,691,554,394,461,952,931,502,186,851,68589,217,49027,11889,49575,559,59269,397,676,87,733,934,309,11,559,170,166,235,215,451,40,10561,94453,208,917,905,42,713,939,800,905,135,84524,574,433,438,906,46871,117,85849,426,92815,302,820,555,34487,22635,159,15718,575,71,486,39276,84117,783,492,86786,535,35,809,120,217,431,236,63265,474,776,15,939,65935,486,320,20,132,32,533,54101,29030,31,44,514,20152,119,38616,959,349,321,143,181,991,15,630,73054,525,92480,721,98916,14857,50878,767,496,274,4,27,534,269,72413,450,267,654,221,466,252,37891,65,62818,624,79641,30834,378,59,40550,466,166,619,893,51401,953,31,310,86177,843,590,410,402,962,52372,880,841,86916,11054,872,31360,428,242,257,525,311,246,201,738,847,149,600,208,248,657,186,13714,204,79,847,44457,496,314,659,414,460,63379,204,723,831,852,870,19195,652,38541,37,217,219,312,65,981,787,30,443,562,12043,43134,103,881,111,125,838,139,274,354,307,612,264,824,34,765,744,370,873,357,79,44,638,793,219,619,286,763,658,894,2,658,944,266,528,545,74820,84909,419,70376,949,678,849,335,717,88,765,563,247,194,412,864,66084,595,129,38425,46812,973,119,674,35069,325,442,176,741,796,956,105,294,705,46,489,632,515,726,346,157,445,989,60,464,911,73,67,202,359,22993,56393,488,625,14081,570,472,826,996,421,331,764,86729,428,592,28446,652,393,548,291,383,187,670,51,633,388,308,461,697,341,815,388,783,131,692,880,264,65618,223,368,247,679,502,133,148,511,384,665,90325,59425,688,261,146,120,35893,695,388,880,37,403,948,712,349,494,405,26381,50031,416,655,14,808,745,794,21,11861,857,764,399,228,93579,60129,443,199,93084,692,87,81087,845,60115,459,19,798,433,587,440,113,423,866,27228,711,859,36,802,46,346,949,851,333,599,69743,52,49641,945,837,35,276,195,66231,480,382,283,621,406,36207,307,12598,512,16413,540,31379,801,40545,848,591,878,974,27988,94522,75,701,27959,34086,182,326,730,129,88956,352,33,249,743,191,971,405,211,786,62323,963,69234,975,110,448,866,221,151,103,946,177,19955,867,635,880,161,795,862,707,875,497,144,120,709,755,46887,591,374,668,79150,458,16527,617,267,435,649,11834,753,68381,927,73144,373,919,64509,86422,94,406,206,44445,642,922,127,151,821,535,89,55117,659,120,264,214,69678,263,33080,603,97274,220,367,870,23,7,69139,16,43704,464,29547,31,55479,123,43825,307,50794,921,740,217,505,81338,168,429,799,706,546,53,138,817,554,207,76581,439,57980,225,295,94,536,519,794,63619,474,58,40428,10696,451,52,524,54614,41,58,2,16152,868,897,636,11085,434,664,40449,588,999,951,427,255,885,926,260,599,304,453,34116,64184,492,878,1,315,377,56322,358,891,181,21279,61598,696,31049,80,145,76190,408,518,259,676,798,361,948,306,137,415,106,11853,11558,73419,761,66098,720,437,696,229,51232,5,619,515,761,742,728,452,476,65560,198]
7
[15,10,10]
