[2]
0
[73,1]
1
[1,2,3,4,5,6,7,8,9,10,11,12,13,14,15,16,17,18,19,20,21,22,23,24,25,26,27,28,29,30,31,32,33,34,35,36,37,38,39,40,41,42,43,44,45,46,47,48,49,50,51,52,53,54,55,56,57,58,59,60,61,62,63,64,65,66,67,68,69,70,71,72,73,74,75,76,77,78,79,80,81,82,83,84,85,86,87,88,89,90,91,92,93,94,95,96,97,98]
97
[98,97,96,95,94,93,92,91,90,89,88,87,86,85,84,83,82,81,80,79,78,77,76,75,74,73,72,71,70,69,68,67,66,65,64,63,62,61,60,59,58,57,56,55,54,53,52,51,50,49,48,47,46,45,44,43,42,41,40,39,38,37,36,35,34,33,32,31,30,29,28,27,26,25,24,23,22,21,20,19,18,17,16,15,14,13,12,11,10,9,8,7,6,5,4,3,2,1,1]
98
[88,10,87,11,86,12,85,13,84,14,83,15,82,16,81,17,80,18,79,19,78,20,77,21,76,22,75,23,74,24,73,25,72,26,71,27,70,28,69,29,68,30,67,31,66,32,65,33,64,34,63,35,62,36,61,37,60,38,59,39,58,40,57,41,56,42,55,43,54,44,53,45,52,46,51,47,50,48,49,49,48,50,47,51,46,52,45,53,44,54,43,55,42,56,41,57,40,58]
96
[10,89,11,88,12,87,13,86,14,85,15,84,16,83,17,82,18,81,19,80,20,79,21,78,22,77,23,76,24,75,25,74,26,73,27,72,28,71,29,70,30,69,31,68,32,67,33,66,34,65,35,64,36,63,37,62,38,61,39,60,40,59,41,58,42,57,43,56,44,55,45,54,46,53,47,52,48,51,49,50,50,49,51,48,52,47,53,46,54,45,55,44,56,43,57,42,58,41]
97
[100,100,100,100,100,100,100,100,100,100,100,100,100,100,100,100,100,100,100,100,100,100,100,100,100,100,100,100,100,100,100,100,100,100,100,100,100,100,100,100,100,100,100,100,100,100,100,100,100,100,100,100,100,100,100,100,100,100,100,100,100,100,100,100,100,100,100,100,100,100,100,100,100,100,100,100,100,100,100,100,100,100,100,100,100,100,100,100,100,100,100,100,100,100,100,100,100,100,100,100]
99