2
[[0,1,22],[1,0,39],[0,1,8],[1,0,12],[1,0,2],[0,1,45],[1,0,3],[0,1,44],[0,1,42],[1,0,23],[0,1,33],[1,0,12],[1,0,22],[0,1,1],[1,0,1],[0,1,40],[0,1,7],[0,1,42],[1,0,37],[1,0,23]]
1
2
[[1,0,600]]
1
13
[[8,6,642],[12,6,654],[4,1,629],[5,7,649],[8,0,617],[9,5,613],[2,5,658],[8,7,641],[5,9,641],[2,11,634],[11,8,650],[6,8,624],[1,8,659],[2,12,641],[6,9,640],[9,8,622],[2,6,642],[5,6,653],[2,11,628],[8,3,633],[8,4,634],[1,11,655],[0,3,624],[1,2,653],[9,12,658],[1,8,642],[11,9,616],[6,5,614],[10,2,627],[12,6,627],[3,5,632],[9,1,618],[3,7,655],[9,8,636],[2,12,642],[10,11,642],[7,11,642],[5,12,613],[7,1,653],[7,1,627],[3,9,648],[9,11,654],[1,9,641],[10,1,660],[6,4,647],[8,1,648],[2,11,646],[5,10,621],[11,1,629],[8,3,642],[1,6,628],[6,3,627],[12,4,638],[3,6,658],[9,11,630],[7,0,612],[4,8,638],[1,2,657],[12,7,634],[12,6,643],[8,9,633],[1,9,635],[8,3,614],[3,1,657],[8,9,615],[8,11,627],[4,3,652],[1,11,649],[3,11,656],[1,11,616],[4,5,658],[1,4,641],[9,6,627],[1,6,649],[3,11,639],[0,5,611],[11,4,638],[1,8,617],[11,12,657],[6,4,638],[11,3,626],[10,9,619],[11,1,623],[0,12,616],[1,5,639],[5,8,635],[4,1,647],[12,10,629],[8,9,639],[10,12,637],[4,2,630],[7,12,639],[3,7,660],[10,1,635],[6,5,612],[9,7,660],[8,4,649],[8,11,633],[4,7,634],[3,8,651],[1,11,612],[12,6,632],[1,8,645],[8,6,627],[9,1,614],[11,7,620],[11,3,616],[11,3,637],[9,2,619],[4,1,625],[7,3,661],[6,5,613],[9,3,646],[11,8,649],[6,5,612],[9,5,635],[2,11,642],[2,11,659],[11,12,657],[8,12,629],[10,9,657],[5,12,635],[7,1,658],[10,2,621],[9,7,616],[10,8,624],[5,4,618],[8,1,614],[1,5,620],[6,8,631],[8,0,614],[10,6,658],[5,3,629],[3,0,611],[5,6,653],[1,8,650],[10,7,657],[9,6,652],[11,5,643],[5,7,645],[1,3,613],[7,10,658],[6,1,657],[1,2,618],[5,9,658],[6,5,610],[6,1,617],[8,9,627],[4,9,636],[7,11,632],[7,5,653],[4,10,641],[7,9,621],[12,4,633],[11,12,644],[12,5,614],[7,12,658],[2,11,616],[2,9,638],[10,7,631],[8,12,644],[8,6,632],[8,2,635],[5,11,624],[8,4,653],[12,11,656],[8,9,641],[2,12,656],[7,11,623],[3,10,625],[6,1,638],[12,11,640],[3,1,625],[5,9,618],[7,1,621],[4,1,641],[6,1,610],[7,12,639],[3,10,656],[11,2,622],[10,1,626],[3,1,641],[3,2,639],[11,6,639],[8,6,625],[7,11,617],[12,7,639]]
1
13
[[12,9,300],[12,7,309],[12,6,318],[12,3,327],[12,2,336],[12,1,345],[12,0,354],[11,10,363],[11,9,372],[11,7,381],[11,3,390],[11,2,399],[10,9,408],[10,8,417],[10,7,426],[10,5,435],[10,3,444],[9,8,453],[9,6,462],[9,5,471],[9,4,480],[9,3,489],[9,1,498],[9,0,507],[8,6,516],[8,5,525],[8,4,534],[8,1,543],[7,6,552],[7,5,561],[7,1,570],[7,0,579],[6,4,588],[6,3,597],[6,2,606],[6,1,615],[6,0,624],[5,0,633],[4,3,642],[4,1,651],[4,0,660],[3,1,669],[2,1,678],[2,0,687],[1,0,696]]
1
199
[[38,56,716],[4,176,731],[70,11,751],[75,107,744],[81,152,718],[35,171,749],[186,126,734],[55,17,749],[125,150,709],[63,80,716],[100,38,711],[152,135,715],[129,111,754],[170,24,714],[196,104,740],[117,172,713],[150,181,708],[99,183,739],[150,99,712],[25,103,737],[69,121,748],[178,170,713],[105,68,733],[79,176,717],[79,119,723],[28,198,749],[63,166,753],[72,71,745],[115,186,718],[51,42,727],[126,37,756],[93,56,707],[120,76,731],[56,0,706],[80,113,713],[0,145,752],[51,81,735],[71,81,716],[175,147,739],[20,94,722],[152,56,708],[115,45,706],[178,166,720],[152,111,748],[68,119,729],[77,87,741],[87,17,735],[153,93,711],[172,134,729],[198,105,748],[186,87,726],[174,172,718],[93,117,709],[95,93,708],[100,3,708],[96,125,710],[29,76,739],[180,68,745],[101,100,729],[76,158,732],[117,88,712],[43,179,745],[179,189,719],[121,45,706],[115,188,743],[174,148,729],[83,105,740],[48,52,739],[170,38,712],[119,36,745],[194,178,716],[32,193,737],[63,168,721],[184,43,728],[98,93,750],[43,170,750],[0,53,749],[42,152,712],[95,148,722],[75,71,723],[46,166,722],[73,20,746],[99,31,718],[158,68,736],[12,189,727],[81,133,756],[95,48,710],[160,148,729],[57,116,724],[181,145,713],[12,185,737],[185,11,745],[0,119,706],[171,25,745],[114,140,756],[168,198,717],[182,150,723],[138,45,746],[167,0,721],[54,87,747],[147,79,720],[135,104,724],[5,150,707],[81,185,745],[167,178,715],[17,33,736],[130,57,732],[105,140,746],[37,182,754],[68,51,729],[35,116,738],[27,162,743],[101,125,714],[19,43,753],[115,54,729],[53,110,708],[56,101,719],[100,133,746],[158,124,732],[53,5,707],[5,68,745],[180,194,740],[115,15,739],[174,176,718],[161,87,711],[138,170,726],[183,138,754],[56,184,714],[69,179,750],[87,39,738],[149,168,742],[81,150,748],[111,68,745],[47,148,738],[147,194,728],[53,134,743],[68,116,740],[185,138,754],[56,113,706],[18,176,751],[182,12,750],[149,166,755],[168,52,752],[37,182,748],[74,178,743],[105,81,710],[94,33,717],[93,115,717],[53,106,750],[4,147,737],[69,49,756],[178,105,729],[179,135,718],[134,55,754],[104,11,755],[56,33,717],[56,87,708],[48,14,738],[56,79,716],[198,115,717],[170,32,729],[120,133,718],[117,37,725],[167,193,740],[68,31,725],[68,115,717],[148,133,742],[95,179,748],[115,70,750],[149,81,729],[103,152,714],[115,75,716],[117,27,747],[121,62,744],[133,53,706],[147,37,733],[80,113,739],[82,33,735],[119,174,734],[176,181,717],[109,56,732],[81,167,718],[147,69,741],[162,48,720],[113,68,730],[121,3,706],[158,174,735],[181,116,720],[133,11,711],[152,0,710],[80,71,723],[168,113,754],[121,56,706],[194,148,736],[121,101,745],[105,45,707],[24,96,740],[81,12,722],[12,62,736],[57,72,730]]
53
199
[[198,191,300],[198,160,309],[198,49,318],[197,11,327],[195,76,336],[195,59,345],[194,34,354],[193,180,363],[193,65,372],[193,29,381],[193,0,390],[192,135,399],[192,126,408],[192,54,417],[191,152,426],[191,108,435],[191,63,444],[191,56,453],[191,34,462],[191,29,471],[190,165,480],[190,130,489],[189,65,498],[189,60,507],[189,51,516],[188,168,525],[188,69,534],[188,36,543],[187,111,552],[187,43,561],[186,116,570],[186,70,579],[186,3,588],[185,105,597],[184,161,606],[184,157,615],[184,33,624],[183,111,633],[182,138,642],[181,12,651],[180,152,660],[180,142,669],[180,112,678],[180,67,687],[179,152,696],[176,171,705],[176,143,714],[176,141,723],[176,119,732],[176,15,741],[175,97,750],[175,84,759],[175,52,768],[172,130,777],[171,112,786],[171,79,795],[170,169,804],[170,118,813],[169,71,822],[169,69,831],[169,5,840],[165,157,849],[165,125,858],[165,47,867],[165,42,876],[164,29,885],[163,140,894],[163,28,903],[162,116,912],[162,67,921],[161,160,930],[161,121,939],[160,110,948],[158,123,957],[158,109,966],[158,55,975],[158,34,984],[157,99,993],[157,93,1002],[157,82,1011],[156,94,1020],[156,76,1029],[156,39,1038],[156,26,1047],[156,8,1056],[155,109,1065],[155,15,1074],[155,10,1083],[154,46,1092],[153,71,1101],[153,63,1110],[153,59,1119],[152,99,1128],[152,53,1137],[152,27,1146],[152,22,1155],[150,148,1164],[149,57,1173],[149,24,1182],[149,8,1191],[148,132,1200],[148,121,1209],[148,21,1218],[147,111,1227],[147,2,1236],[146,101,1245],[146,30,1254],[143,142,1263],[143,108,1272],[141,94,1281],[141,88,1290],[140,26,1299],[139,118,1308],[139,0,1317],[138,17,1326],[137,87,1335],[137,36,1344],[137,35,1353],[136,64,1362],[135,51,1371],[135,28,1380],[134,95,1389],[133,125,1398],[133,75,1407],[132,81,1416],[131,49,1425],[131,26,1434],[130,71,1443],[127,97,1452],[127,83,1461],[127,24,1470],[124,115,1479],[124,109,1488],[123,53,1497],[122,68,1506],[122,32,1515],[122,26,1524],[121,103,1533],[121,56,1542],[118,116,1551],[118,51,1560],[118,5,1569],[117,41,1578],[115,110,1587],[114,103,1596],[113,57,1605],[113,2,1614],[112,102,1623],[111,70,1632],[110,104,1641],[110,85,1650],[110,7,1659],[108,16,1668],[107,13,1677],[106,41,1686],[105,102,1695],[104,89,1704],[102,94,1713],[102,61,1722],[102,2,1731],[101,76,1740],[100,61,1749],[100,57,1758],[100,3,1767],[99,3,1776],[97,35,1785],[93,90,1794],[93,82,1803],[93,50,1812],[90,37,1821],[90,1,1830],[86,32,1839],[84,12,1848],[77,30,1857],[75,48,1866],[74,4,1875],[69,33,1884],[68,47,1893],[63,53,1902],[63,27,1911],[61,51,1920],[57,39,1929],[56,53,1938],[56,40,1947],[56,11,1956],[53,26,1965],[52,36,1974],[51,45,1983],[47,20,1992],[44,32,2001],[40,29,2010],[39,14,2019],[38,4,2028],[35,5,2037],[24,13,2046],[16,14,2055],[14,2,2064],[10,0,2073],[7,1,2082],[4,2,2091]]
1
200
[[0,57,2102],[193,180,2117],[194,21,2126],[159,153,2125],[164,16,2124],[178,113,2125],[133,136,2116],[124,7,2145],[0,146,2102],[180,75,2111],[128,187,2150],[116,79,2145],[131,155,2130],[3,72,2125],[178,147,2142],[62,93,2147],[75,30,2112],[154,22,2139],[29,189,2145],[5,78,2121],[85,151,2136],[101,24,2114],[58,124,2131],[20,146,2108],[42,0,2102],[126,63,2141],[167,11,2122],[15,127,2125],[155,53,2107],[134,1,2149],[139,88,2156],[145,6,2154],[37,86,2136],[164,147,2124],[99,24,2140],[181,147,2113],[86,0,2104],[30,29,2117],[55,64,2122],[25,146,2125],[170,9,2105],[137,150,2117],[92,156,2135],[143,185,2155],[79,5,2133],[153,9,2102],[197,58,2108],[167,90,2150],[79,140,2127],[48,179,2121],[149,73,2149],[177,141,2152],[102,48,2144],[93,186,2153],[58,160,2132],[58,34,2128],[146,89,2108],[165,153,2153],[52,101,2144],[26,54,2137],[78,86,2124],[147,192,2156],[11,189,2141],[102,187,2115],[104,80,2103],[153,35,2149],[101,138,2125],[101,94,2130],[101,80,2106],[5,30,2134],[159,109,2127],[53,10,2124],[146,155,2106],[26,191,2137],[159,167,2140],[169,168,2128],[141,159,2149],[108,120,2107],[53,158,2109],[193,74,2144],[78,4,2104],[156,23,2146],[198,54,2124],[52,42,2108],[19,167,2130],[180,104,2110],[147,0,2114],[24,86,2109],[57,194,2106],[68,147,2141],[103,180,2110],[169,74,2134],[79,72,2139],[22,187,2149],[48,34,2119],[194,22,2116],[146,35,2103],[20,55,2123],[197,24,2110],[6,149,2129],[42,166,2137],[158,146,2135],[118,26,2148],[127,74,2122],[178,127,2108],[20,137,2108],[61,140,2110],[194,68,2110],[104,115,2109],[116,197,2120],[115,111,2114],[111,104,2124],[164,59,2149],[8,147,2143],[79,74,2129],[159,187,2117],[48,133,2118],[54,92,2137],[127,88,2101],[177,25,2138],[167,6,2118],[64,101,2122],[7,104,2148],[92,155,2125],[54,113,2143],[30,35,2135],[195,101,2109],[62,86,2147],[0,80,2101],[22,101,2135],[198,4,2110],[9,0,2100],[63,58,2155],[0,78,2103],[191,54,2142],[48,63,2144],[167,41,2113],[108,1,2129],[113,149,2149],[79,9,2157],[88,181,2100],[24,7,2125],[14,8,2157],[73,68,2132],[184,89,2129],[35,169,2142],[7,159,2150],[63,167,2124],[25,115,2115],[184,164,2153],[16,180,2151],[79,42,2138],[153,188,2110],[52,169,2115],[198,184,2120],[154,195,2144],[102,23,2125],[57,23,2144],[8,80,2119],[2,156,2151],[7,0,2107],[41,78,2107],[104,24,2130],[78,77,2140],[6,25,2123],[5,74,2153],[24,6,2124],[76,153,2125],[46,132,2145],[3,85,2114],[124,143,2149],[49,48,2140],[38,127,2141],[63,79,2124],[61,181,2106],[195,188,2154],[147,188,2146],[7,63,2149],[105,170,2131],[153,167,2108],[143,57,2149],[136,140,2112],[7,64,2150],[104,169,2114],[158,9,2142],[146,3,2110],[132,197,2124],[155,89,2125],[96,197,2152],[102,188,2111],[108,104,2103],[197,120,2108],[9,153,2105],[108,93,2122],[20,101,2126],[85,4,2133],[9,147,2115],[170,193,2122],[159,133,2125],[147,167,2114]]
88
200
[[199,73,600],[198,135,609],[198,97,618],[198,66,627],[196,154,636],[195,15,645],[194,177,654],[194,168,663],[194,149,672],[194,43,681],[193,173,690],[193,76,699],[191,147,708],[190,185,717],[190,105,726],[190,0,735],[189,140,744],[189,105,753],[188,76,762],[187,167,771],[187,18,780],[186,157,789],[186,64,798],[185,172,807],[185,26,816],[185,16,825],[184,64,834],[183,120,843],[183,46,852],[182,169,861],[182,13,870],[181,51,879],[179,170,888],[179,134,897],[178,158,906],[177,162,915],[177,118,924],[177,22,933],[176,126,942],[175,70,951],[174,145,960],[174,56,969],[174,47,978],[174,11,987],[173,167,996],[173,113,1005],[173,48,1014],[173,31,1023],[172,132,1032],[172,97,1041],[168,104,1050],[166,106,1059],[165,150,1068],[165,95,1077],[164,48,1086],[163,39,1095],[163,33,1104],[163,32,1113],[161,153,1122],[161,129,1131],[160,138,1140],[160,64,1149],[158,3,1158],[157,137,1167],[157,67,1176],[156,92,1185],[155,148,1194],[155,130,1203],[155,118,1212],[155,37,1221],[155,4,1230],[154,79,1239],[154,8,1248],[153,150,1257],[153,109,1266],[153,24,1275],[152,29,1284],[151,142,1293],[151,133,1302],[151,83,1311],[150,75,1320],[149,90,1329],[148,118,1338],[148,89,1347],[147,41,1356],[146,77,1365],[146,9,1374],[145,139,1383],[145,71,1392],[145,15,1401],[144,49,1410],[143,62,1419],[142,79,1428],[142,18,1437],[140,134,1446],[140,126,1455],[139,104,1464],[139,90,1473],[139,69,1482],[138,85,1491],[138,37,1500],[137,124,1509],[137,75,1518],[136,27,1527],[135,42,1536],[134,119,1545],[134,31,1554],[133,42,1563],[133,40,1572],[131,53,1581],[129,128,1590],[129,14,1599],[128,92,1608],[128,85,1617],[128,81,1626],[128,76,1635],[128,42,1644],[127,34,1653],[126,96,1662],[126,79,1671],[126,62,1680],[121,94,1689],[121,31,1698],[120,78,1707],[120,21,1716],[120,10,1725],[120,2,1734],[119,81,1743],[118,69,1752],[118,57,1761],[117,94,1770],[116,54,1779],[116,31,1788],[116,12,1797],[114,14,1806],[113,80,1815],[112,48,1824],[111,93,1833],[111,76,1842],[111,65,1851],[111,4,1860],[110,24,1869],[108,102,1878],[107,58,1887],[106,78,1896],[106,50,1905],[106,18,1914],[105,46,1923],[105,0,1932],[104,66,1941],[104,1,1950],[103,97,1959],[95,30,1968],[93,89,1977],[93,55,1986],[92,71,1995],[92,7,2004],[90,74,2013],[89,46,2022],[89,31,2031],[85,56,2040],[85,7,2049],[85,2,2058],[82,74,2067],[81,63,2076],[79,37,2085],[76,10,2094],[74,5,2103],[73,69,2112],[72,42,2121],[71,64,2130],[71,43,2139],[71,13,2148],[70,48,2157],[70,37,2166],[70,34,2175],[70,31,2184],[68,46,2193],[66,59,2202],[66,56,2211],[65,33,2220],[64,45,2229],[64,33,2238],[59,45,2247],[56,45,2256],[56,37,2265],[53,51,2274],[51,11,2283],[49,41,2292],[47,38,2301],[44,30,2310],[42,11,2319],[35,14,2328],[32,30,2337],[32,13,2346],[31,7,2355],[24,23,2364],[24,4,2373],[22,20,2382],[17,1,2391]]
1