[1,1,1,7,8,9]
3
[5,5,3,3,1]
3
[100,1,2,100]
2
[9,9,9,1,2,3]
3
[1,3,3,3,3,2,1,3,1,1,2]
3
[3,3,5,5,3,3,1,1,4,2,5,1]
4
[9221,8838,520,9644,9511,2847,6495,3028,6180,8646,2933,8471,9249,1600,3696,1444,4071,2501,1174,7979,1665,79,3614,521,796,2538,3796,9663,113,4701,1750,9715,6040,2221,815,4198,7701,4180,5283,9981,5481,7766,3824,2058,257,2552,91,6655,2793,9059,8097,4579,3689,7926,5585,5161,1973,8306,8231,8956,778,842,4200,1892,8572,2596,4435,1587,5310,5982,2889,3361,868,2513,1077,268,3777,2864,6307,2992,5693,9435,4813,5396,4110,8057,5205,3309,7506,9547,4544,7834,1390,8026,7452,1310,6443,4404,271,9544,9824,3173,2044,915,613,932,1015,8978,6241,900,6517,1279,6179,3615,6418,52,558,282,8507,7252,7307,1313,7371,5952,7756,394,81,4742,2228,7002,2598,3510,4206,7978,7258,4652,7080,6669,5789,6993,9795,4712,3244,1654,365,1522,8920,7726,4771,1908,9326,3313,199,7724,6482,8033,535,3627,4965,3139,6708,5398,4441,4639,1739,8983,1187,7810,558,2178,6755,4735,2175,7503,3812,4533,29,4225,288,7002,3473,741,4563,3115,4229,5074,9450,8047,4715,2625,447,4683,3433,1339,6000,2695,3967,5530,673,2764,1323,6241,8871,8640,3837,8222,6153,3337,2455,3652,5119,6944,5514,1735,1112,4507,6872,6747,1133,2998,949,3530,8736,7878,1655,7392,7356,1822,2722,8828,3223,939,9888,9349,6744,3081,5198,1853,3445,9017,9597,4784,3573,7020,814,3231,5773,5590,6322,1219,3564,502,4803,8456,1989,9236,7471,6921,6114,8551,5334,2219,665,5445,1577,6736,3808,8235,9694,7884,4868,1362,5839,5259,3642,7195,6590,3871,8518,4117,8288,6698,7163,985,5115,556,5584,4440,2654,7322,5766,429,5083,8676,8069,7647,4729,7763,5562,3502,5611,3636,8687,1236,9895,8230,1382,6461,3182,1688,6076,4559,7946,2528,8347,4812,1406,9878,2766,8725,4821,8033,2605,4860,1224,9301,3419,9639,5695,349,9301,3405,3271,5313,6196,7125,2299,7758,3740,1126,4222,7655,380,1920,9802,4519,496,5953,35,9643,9251,1201,9186,1814,3653,5967,9515,3949,5523,507,3098,1053,2762,7618,1899,7035,6109,1097,833,8321,8534,9820,6776,8281,5846,6708,3970,3549,6531,9414,33,5838,3182,3995,9233,9307,2072,9107,2415,6108,9677,2287,7967,2379,5375,4562,8478,455,47,6789,9460,5371,3481,272,2077,8516,7427,1041,6201,3657,9858,3746,7438,365,6418,8663,3471,776,9226,3829,9986,8685,5978,6105,1276,9327,8833,7045,2312,5707,9829,7189,4714,8345,732,8254,2271,1350,9634,2436,1505,5554,8858,9474,1625,6830,2183,7693,6224,2208,8081,7142,5264,8546,807,554,4103,1002,1306,3502,7838,8323,6886,2533,9955,5442,4547,2475,7546,4644,6432,7157,4717,1723,1919,2740,3190,8091,1330,235,9174,5393,5160,4782,6991,7504,3879,5271,8464,7021,5935,5539,7281,8923,4828,1801,3060,3102,4749,4207,6133,8149,9625,2929,3274,11,9825,626,4296,2649,395,1706,9736,2976,7029,7933,3562,6128,6132,8951,4157,2101,7130,2572,7576,6086,2357,1172,423,3502,9514,3282,4255,8936,8387,7094,503,4985,1513,725,5337,9673,6880,8045,8396,4721,2295,7986,3182,3209,3318,7055,7924,3868,3471,5416,900,7471,3958,3224,2868,1010,1225,5110,7860,5741,9870,9387,232,524,8770,4677,4626,2266,8432,3812,3886,1914,3873,3081,1853,7239,8076,6806,2543,3152,8364,8067,183,8516,9318,71,8594,6757,8397,4162,1430,285,9114,871,6043,6033,1772,6108,2576,5917,4528,2255,5891,2431,3150,5567,1495,2851,3954,4330,8004,860,5554,158,6088,9419,370,8387,257,3858,6321,9302,4083,2847,1896,4835,494,4581,9841,1881,6889,5588,8002,9496,5166,2406,8954,648,5912,5413,6491,3591,6583,8580,2315,9129,6055,6643,5049,7977,420,188,6752,1484,2527,9547,152,1028,3837,1976,969,366,1739,5822,4058,7448,8635,5033,9893,5347,2984,1323,3630,514,4307,6026,2683,6260,6682,2130,6039,7461,4025,3037,3902,5389,5584,5105,4710,4913,9012,3235,2811,6954,9534,7608,1302,7839,9565,7963,6512,1268,5405,9320,8253,9290,569,164,1014,1203,502,6354,4351,8344,3783,6569,2539,5797,6913,8959,7141,1090,9637,8430,4362,4793,7216,2096,9166,2618,7680,7908,1299,836,7772,421,5276,8012,6005,484,8160,5108,7152,7239,3210,6878,4463,7809,2344,4939,272,9739,6912,887,3587,5545,6809,1730,9767,7765,1821,4402,6264,1394,7119,2273,1780,3424,5842,5569,520,351,1293,8823,849,7019,7064,2853,4427,5093,367,2080,7611,878,7148,1160,3464,947,212,7425,3251,8884,8925,1573,7209,4117,43,1176,1075,9275,3545,3503,5234,1941,4978,2366,5896,2892,6273,1299,5823,2589,3781,4977,186,1392,3826,845,1445,3794,6161,8712,6528,5499,1360,7043,305,9063,2403,4311,3740,4316,2764,1776,2278,6791,612,7118,57,9512,1428,4903,7538,4370,2001,7909,4487,6668,3169,956,9941,3135,8923,6753,4153,76,7343,9688,3530,7775,8291,7009,7024,1581,3103,68,7008,7787,5201,2258,1620,4378,2911,1963,580,6041,8060,9261,764,7421,4265,6381,8317,1849,9200,5721,9811]
494
[389,93759,50639,73485,17718,60364,27552,7347,45369,82949,79052,81040,61386,12246,39166,59325,13405,85367,54389,41245,87252,27612,68870,3648,53540,97587,50629,53099,31500,92101,68152,40339,31483,6078,2677,2279,68472,78619,20542,65322,93557,99159,67357,72793,61129,46050,89661,57959,65021,94289,48279,50818,73511,17846,60307,34923,92670,88796,11186,37994,83864,47263,78594,48420,73115,38516,91837,25994,14650,39584,44571,55633,64983,3412,14819,59344,92768,1584,95937,40651,34632,38554,85823,53136,69936,89242,55874,18759,41044,87838,94134,84573,55854,98178,43722,44326,20170,24705,51285,33844,22367,21627,14169,54705,75684,76228,26110,64560,33913,64074,33156,7009,42999,56103,20569,41623,20300,75885,29781,29226,52029,30077,41807,17471,93579,63794,29886,82159,62849,4721,3842,20900,98482,13681,43072,62802,29910,91746,24873,58391,46149,70697,33748,81169,56299,62008,49545,51559,75759,96389,22536,73804,22446,68568,71647,85000,68793,9223,66327,67321,21529,10035,45164,33792,26553,83137,5409,11248,70540,2770,10001,37819,33349,58742,82179,16458,39015,37081,39161,62150,39263,22204,34561,35524,53322,28249,87289,93814,22337,46166,40018,90809,12443,66287,38059,63195,86459,19929,88215,93731,71160,65312,27420,78197,10966,10781,96113,18104,55155,94653,40944,15864,14679,67326,97940,8887,49150,69922,92820,41856,47975,72578,18664,98038,43176,59593,92375,7208,13880,31504,67258,20548,20549,21804,27275,33384,31865,44767,48838,6784,60789,93397,69121,44134,83173,28434,74627,40950,68045,99350,22179,48973,33697,55098,48613,10766,75410,61332,48016,16497,90951,58695,28712,2250,42718,74438,37111,54286,17871,29255,15004,96778,45857,31664,58302,74806,59697,33523,74131,79269,89465,43993,17205,47985,2617,82365,85188,29668,97140,77157,33131,17170,99363,15305,48634,72138,33678,79196,54653,30909,63038,22748,43545,27045,64745,13028,34670,81110,17347,97725,39661,14622,58738,24564,60455,38894,77182,650,10951,61980,93018,96823,44682,70894,60739,5013,32009,46622,37924,94227,53148,63853,67631,84029,14374,51582,7538,51887,98907,68288,12066,62198,64606,25439,3293,87993,5575,55043,22645,44207,86955,85409,22449,34370,84852,1269,61586,56720,32373,7659,86215,57370,82571,4959,74529,99536,41303,59287,30248,70066,16406,60593,15836,93713,56270,67951,67613,67830,96381,39709,18549,16609,52020,35614,33983,89597,73786,16804,17858,82847,12123,74608,76311,86835,9718,2722,10338,63460,43097,82396,49301,81279,99068,46805,69373,87541,86230,24449,1175,92849,86050,69594,22512,25442,20408,29773,94183,21237,35081,95642,17399,88040,88537,66813,17650,3593,99510,92383,30252,23143,89586,3655,69013,22313,95029,92926,17628,62719,95837,20585,75753,91031,32054,2933,47930,48663,68446,82407,97633,16214,2552,44102,13233,52058,90521,46322,84016,10527,35096,16057,42446,43986,71734,85425,47850,49546,71307,76449,296,82780,87006,66356,45905,75262,85531,53494,30295,73764,47368,96413,7499,97202,13230,3954,64206,15844,51738,92018,79136,94740,66252,45521,88049,10073,27283,79867,11808,45777,47977,23161,47675,74343,50991,12708,81899,56255,50577,91151,89902,34302,87849,16978,13237,73299,87148,95503,81518,14699,79139,35856,79773,18722,20111,41894,13162,16115,41293,19770,42521,41333,26359,70182,18897,64883,32313,78977,83679,79580,56748,64523,82624,79691,67337,65971,61367,23910,32836,54274,20091,5612,71128,31697,47997,47802,5644,13086,13083,10860,90121,7284,75823,70173,70517,46031,99427,85084,88339,90011,32486,83638,29620,30265,28539,38277,20052,54904,78810,73612,80936,26441,83872,25205,77488,57123,50829,9862,64676,94071,71481,16688,41122,60885,95880,86307,45531,30226,75401,54318,37385,5735,78559,90749,45544,259,3431,98210,8798,87629,67840,19011,76627,73992,70792,77814,20452,51449,77716,96826,74875,18778,36417,74355,34227,10788,95968,49594,61869,31490,88879,76033,58112,48646,97663,7486,35912,86749,52708,45288,92806,72756,96465,88633,3397,89074,56769,95130,7957,54677,58042,22840,90828,26143,15473,51819,9312,64406,38453,84519,41405,26927,88987,36121,92007,31744,8472,63554,23096,25152,31193,66406,97828,40912,77492,97215,5284,15730,10587,1941,19941,89718,94770,11905,30168,23555,9230,22751,3391,62471,15675,58133,5811,52350,8739,49453,86768,80086,7339,96409,88624,10865,68380,79461,19899,43385,24093,65811,5844,39979,98988,21944,13025,41684,79353,69111,17772,28680,74096,56311,90466,59669,76152,97121,32421,22680,97651,78431,73541,87413,22703,34358,65718,85717,27314,61250,81731,72549,56460,12491,80340,7600,99836,5301,64940,44526,50093,85283,25347,11128,89910,63920,55148,57883,77747,88155,8720,12593,81328,75454,65107,16620,74381,27150,74929,88463,16402,8824,48631,55582,53868,67191,56877,29843,12629,75736,75041,77307,23811,28077,58669,36185,98638,79645,92917,34213,404,55792,56929,57094,21854,72546,26352,32410,88655,40140,78525,56512,78358,36002,84052,18653,9195,19853,37317,56599,43766,81892,13795,6202,63862,37575,76434,59005,52010,26119,56262,26331,20863,23584,15172,78114,71140,11114,89068,49964,14298,26294,4056,62718,35027,69080,82823,38804,44546,31130,82173,72262,12971,58707,31039,47582,20177,53606,31630,21890,64781,30267,96861,48509,27741,58556,74450,15654,61397,45955,51954,13330,32101,58123,96230,67873,4817,68616,41601,66138,3786,82916,70713,47858,33580,3364,78216,44335,55492,8874,91856,87696,11445,53555,91059,4,22417,13690,2953,1058,44229,98633,31975,94005,89685,82688,76330,3050,79844,17668,36223,80784,52743,33271,2666,69802,35434,12558,16527,72842,66680,12627,97658,60298,86404,42867,34695,27843,65839,96181,99682,99035,1094,37128,43336,84798,43729,15883,59465,9205,43769,26964,27207,49013,5035,95784,89587,67834,10932,62286,48033,90285,31955,37017,67075,71625,65229,97583,36209,93847,19128,38172,3523,77383,3002,56923,48359,55013,57837,8876,80733,50608,24863,14353,35040,8962,12940,10335,70988,55143,25628,86317,35463,39145,29271,48624,83103,26551,66256,63658,46702,67070,85328,36890,77850,5207,84480,7062,13335,14748,84088,10316,11536,20977,30525,86138,84997,65891,62551,51133,55051,22097,46179,82012,78351,66248,2125,67470,39022,17178,29363,15823,73832,58660,76623,15905,49775,17563,43890,29127,47982,88935,2951,87198,54399,29844,89441,98733,19938,70872,76982,33044,78000,16557,46709,83194,69213,74827,68819,83088,87967,1189,49873,66064,95258,30644,44710,8964,19749,53093,64439,85561,60451,46539,1705,13960,20203,3475,26230,41185,8392,12086,11063,31805,19933,71237,40441,91111,5498,5367,99891,90037,42739,3800,86185,43011,78842,62621,62429,42340,77480,31634,3080,18330,8082,52876,75794,70241,31558,22681,93486,35145,15466,28955,43045,10044,321,83838,38499,44727,26048,46148,90667,92503,45666,69441,41063,2359,36929,5049,62214,12077,29940,26451,17875,8487,93975,1610,42879,25262,53191,22735,74272,30191,89652,81715,74026,96142,60291,47625,96051,4870,16273,4166,19789,58060,33402,65963,98110,36686,99231,16624,31625,78610,83156,46343,6707,14918,95214,25958,8494,64778,29418,95685,30918,86226,30536,44100,20988,17901,38646,65524,48308,11685,93034,52022,78116,39752,16398,69507,58200,53362,10918,94777,43714,72684,55301,47002,60142,93345,2124,76473,61309,64256,83246,47610,29393,45049,35117,92111,69937,91848,4298,96293,78815,17532,89145,41969,7573,29022,43244,33644,62891,7098,65418,5967,34386,88269,60636,92842,64771,72255,68317,89968,2590,31732,24858,66936,37280,45987,24438,13252,4180,19148,59716,84884,44922,74350,30476,81948,42262,59409,52120,88571,6971,12693,22388,31868,15331,56576,63112,71113,77644,46212,63155,569,85258,34745,17242,93424,50538,80297,87660,71915,92389,92591,22649,99828,84749,94663,27042,49941,50014,73112,25971,48346,95612,28210,28681,1597,89065,41247,10720,24941,49250,69742,99549,66993,10745,68022,63932,48491,66928,92073,9821,25732,62245,16119,92333,66535,68397,41079,40121,5603,22718,96149,26747,69162,59251,41828,92470,77444,11545,36111,73672,73816,42294,69887,61733,63627,86207,65249,71047,84532,37326,71338,86082,34492,7786,56373,73559,21783,40625,214,3632,42300,58314,73899,11608,94465,19560,3172,57189,45406,9886,37414,44288,33458,53038,13609,38549,13209,54035,67200,65242,36664,66258,96196,4230,9188,2761,37604,24769,70155,8480,6805,37762,76137,27490,15668,78047,44165,10614,76860,95888,36032,13052,78500,17791,48755,12397,37338,47842,31171,50714,36461,24745,42076,60470,53857,72621,60007,57757,31746,51186,28848,8609,12228,37620,29478,46319,57208,53112,6865,88143,27903,44123,56371,72503,48861,28895,57530,28544,11447,82333,61340,61945,81589,20563,15055,64582,73023,71551,85759,23750,36524,70850,20951,90625,59941,31078,53718,88740,33821,46136,1614,94591,74821,73765,51436,53149,6991,20380,62333,93922,97052,71199,22453,77580,85573,42805,43826,4045,19983,94676,40830,92294,70452,92655,61143,80227,68260,55238,95505,81528,38390,68025,51259,17511,59355,85167,90275,7313,27466,53887,68016,10798,78201,77826,86084,54127,13146,9472,35352,41218,80824,97143,57264,93678,46431,71706,94420,40919,72143,17961,61454,27736,9690,10079,30231,87073,14601,96462,937,54975,76562,94877,30367,74621,24554,57977,72967,49465,88182,17323,86203,49297,79141,60565,43554,65892,57194,7752,22102,33946,38102,64243,50677,39932,23381,55334,74644,46169,80535,83896,64563,38900,58518,39298,75628,34796,6762,53471,7623,13740,21747,58490,90427,78611,29400,90036,58105,80989,24106,7718,59126,44657,34814,68847,52425,15456,9100,42406,11695,68980,76301,57514,22383,31187,96544,74900,76905,90490,41676,6887,58956,16594,26837,8439,33190,2531,83402,24668,14455,74278,89384,36425,34202,82004,62924,17595,63567,20214,19866,91104,81684,9434,55820,72683,75102,5841,92533,81671,55815,42232,56962,8792,34922,82415,33945,66279,61588,34612,61425,7827,43446,22467,69361,55574,53266,17053,68896,78084,36885,15115,71807,67615,48309,65860,51844,43946,53360,61029,55676,76052,80009,62444,55846,38392,72296,91115,20923,41585,30433,40924,13624,87650,34568,73976,24483,65834,49470,84581,24513,94309,28783,37258,63246,87502,45470,36399,95691,86290,65453,8927,2533,61420,77313,97150,81054,91261,52147,49685,41429,110,5387,59868,69188,7241,69546,47295,8325,94520,11103,90725,83240,78447,61665,9277,96348,69368,58929,36073,23628,96092,76972,52810,32470,18583,67334,68555,70497,56202,17522,51814,12024,85546,57403,34363,26508,15908,27713,3506,78910,33944,23545,69888,20509,16891,58210,43597,23333,98009,94243,24697,5787,33584,35139,75872,7126,46687,85476,21321,20472,14522,72943,58031,20972,72517,54691,1719,14851,75111,88682,88320,40112,84153,46985,99409,50293,28042,50066,39334,39881,37570,2991,80797,3160,15711,69506,88216,5726,40259,69831,28912,44122,20854,8814,76998,41077,38525,9179,97132,93510,95797,33298,21182,77757,39414,31249,48705,67077,97773,92784,99621,64300,72323,28649,86968,49923,15363,77415,13178,22106,5431,91453,80126,13116,36634,47189,59284,94800,26583,16129,22800,3076,9466,52399,67175,6542,95207,34063,69304,94508,69964,23169,77654,13433,50726,34845,46726,14678,10105,66245,59119,21273,59902,32958,54496,74787,55977,48108,85454,92250,63411,68549,27753,58785,72874,55336,72491,22071,6162,88070,15274,23404,879,71766,11161,67779,92859,35995,3212,71339,70576,87711,34240,68486,83943,3103,14643,17806,38521,56182,9487,60118,30556,98673,28868,48981,11515,66536,25781,32781,4563,10336,23336,37008,65301,47928,23800,64598,20682,36601,86701,29270,5479,95992,75734,62443,25571,60013,45075,61123,93696,6081,59184,38251,59978,25060,6405,38302,98035,18254,89130,12028,34782,18595,67766,98599,12842,15950,59366,56565,57448,50814,43815,91609,25182,80930,48413,2658,63241,58536,88041,3485,88725,9675,26875,60147,92687,65747,11838,31785,58819,36658,26135,33023,64886,63539,97283,49186,54646,86876,27880,76457,56465,49287,25137,60903,8856,77025,4477,95044,97999,98614,98344,59644,46846,96028,41760,87599,31503,1668,52070,70258,654,30621,15179,97104,98966,34899,1285,8466,69419,77725,2282,63425,13449,7582,50145,82769,91931,89899,38791,13323,50371,21436,85666,41167,39850,68114,46134,37697,86281,66596,39203,14553,19359,33980,43276,52091,91929,84089,12027,72165,15757,49018,26050,71992,94955,64545,7792,77827,16410,40346,31669,78083,8680,93471,92723,38367,48276,63502,35841,25081,37567,68710,97435,51253,79287,27849,96254,55827,31278,1044,17786,62980,87916,37729,72016,83720,93537,15060,37250,6366,53071,32066,35489,56801,3806,49812,75792,74687,74309,55092,99282,90953,86198,31676,4060,65052,53225,3177,17001,12283,53637,28035,42069,86315,323,31872,55072,59923,98574,18964,40931,10513,58117,12993,57834,37318,38973,79618,51049,72249,74294,92891,10764,80353,8118,2614,58573,26396,13843,77152,40680,21286,85014,5992,46151,83811,73779,9168,25093,21469,18713,72396,42630,2134,8139,52696,94453,71550,44350,22100,35359,25068,23554,80364,32996,65785,32357,86038,24313,35722,22841,5956,64625,77052,71438,6678,85456,38723,53052,99821,85975,59107,59228,4857,89627,15412,3211,10314,68305,55936,52821,76605,36563,3580,30360,76161,39901,97089,77333,59718,56502,90687,91426,98428,3615,14620,35245,5030,33029,23855,47088,63619,75912,30151,88543,4300,68140,68119,15872,15310,84931,65091,78463,23572,20813,99422,174,25325,24231,51727,65266,81870,20508,8966,88815,25573,82429,82251,31239,72453,48580,5221,77786,14657,20969,56641,18489,58930,30853,78335,70281,84334,89157,86436,30527,36629,46775,96139,87159,41373,80732,55689,17515,33247,58968,92216,84363,75007,91264,10216,53641,19631,61138,81066,66100,96295,3155,93873,78215,45657,31236,91775,66284,58116,73412,65196,21468,77027,7714,12280,13336,13032,57092,12700,86265,55132,47828,46192,55899,63593,42680,38238,34776,7543,65034,36554,89853,5116,62238,73111,47302,15924,23073,69618,86435,72739,50091,88128,34727,24747,26116,92023,41041,77140,83166,17011,32330,33277,28007,88588,23086,57266,83725,54522,27456,13217,12361,90288,4236,545,83448,34498,2416,60316,70320,94097,75513,65116,26895,28620,18384,29959,86713,3754,28466,17615,64577,9639,23016,74184,401,59429,84485,1790,7487,490,39225,29341,46763,39721,77840,92902,30513,56662,55888,68456,9140,97896,86609,86974,42520,72234,99650,38176,11578,76995,52779,18888,11154,4192,26634,67856,77396,14635,64887,44410,48232,83149,81966,75085,4861,99074,23973,77286,74311,36845,55294,44912,91137,24822,91661,85106,74333,95248,80599,24921,11030,10665,73621,51014,82728,13987,6197,89774,50493,28691,73038,88172,53208,46998,79422,17633,5825,54251,95125,49092,21416,88229,93794,95073,82974,17921,2291,71967,18783,46705,83227,84127,62801,2591,96133,81945,71055,1905,20175,32815,83939,74375,83680,76781,42447,4664,74235,99862,9061,91174,50864,4582,75220,55169,83653,16164,90188,79523,99260,29016,40312,27870,24947,85030,39845,57311,94081,45079,32566,7366,23248,40291,61973,76373,81216,86770,63690,86522,7777,14286,48015,1143,63518,53194,68611,74927,16112,93586,78787,70251,191,69439,20719,76169,60412,33016,53311,62376,39247,13759,13391,2146,66174,1675,14442,32909,46326,12389,53043,79322,12190,65106,2305,12106,83145,5802,28777,71944,57297,26088,39886,79271,18512,70940,21650,67576,56633,12349,12844,16477,82632,6939,82470,70638,48994,10352,7170,82495,31330,98123,94142,2897,16248,10784,47230,48843,53756,51635,67634,12534,17675,82422,77129,22725,82204,79395,86833,32237,39121,3195,5201,257,68755,89542,8012,46647,50181,19507,71572,47387,60183,10505,22113,62894,12565,94652,47301,57978,59481,50419,32156,88518,79859,4449,68157,16374,83155,83244,40536,32496,99419,38726,10298,65204,2847,24753,6891,69172,72462,18370,66894,88567,32196,17548,77282,82515,47374,53138,54903,67013,93745,77362,67580,19212,65536,16228,1677,33482,88245,87730,8210,10651,62344,60462,24211,94950,52519,94414,42173,41281,50903,64924,26452,79492,65835,50763,77299,76343,22545,66458,21578,48181,99132,470,34408,99247,14723,96882,32125,89673,8448,36527,93212,30108,51692,39438,53989,70612,85829,90676,80707,23423,94267,15947,11118,5902,99834,40554,90106,95025,37605,62627,52684,61002,19007,88811,9539,88684,79921,93381,90205,96166,44646,77434,34388,91999,94360,73830,33576,6841,49751,88497,94067,42901,77021,1452,30860,56250,96475,93234,21909,83887,33289,91130,20419,16915,78836,52463,21068,79762,20031,58090,55375,43100,31624,15296,57480,52288,86780,42441,49253,78510,54527,97452,57420,76647,1439,66069,39506,35957,14902,58381,55889,84693,31761,30940,24357,7376,27969,46914,61344,9844,36232,88147,80956,48238,29523,82567,59475,17113,87557,48951,44701,77322,18092,74538,54796,52754,44436,97716,4032,70335,66443,96123,70936,33614,47878,20625,73272,53375,95063,22904,59894,46971,64137,25864,81325,45623,10863,44886,46593,49599,47016,630,26829,41324,24352,60096,55496,74620,94731,25050,31110,21267,13267,11877,41286,70573,35459,14283,7805,62497,88762,32365,61572,98538,380,20065,34935,82326,79097,93194,86611,68289,10016,97489,13845,54430,34133,11323,13307,71153,44699,35413,44166,2453,95555,40684,33082,37446,72625,62843,54384,28429,78034,58980,69058,34349,78529,45588,42887,23595,65764,53209,95989,69328,94144,12018,97390,85009,24970,79358,82818,72646,55742,18167,48503,14725,50306,16972,57305,15679,3257,54930,33036,40916,82349,37723,86433,4920,73892,89616,55755,65080,68510,8202,20646,18987,86169,14796,52817,29013,52132,30088,40602,45479,63087,8846,65111,75371,40445,75134,83609,90198,78872,77729,52001,71702,78513,14822,59008,45221,76560,93495,61732,53042,94126,10389,52270,63813,18313,91052,51916,72753,23303,98393,39097,13446,66320,41836,88760,9192,41779,1819,41770,81043,17970,22981,41025,61330,24611,72587,25785,28546,61530,58932,99001,47816,29074,20039,22912,7678,56079,51932,92712,3696,86455,28260,68487,23848,53644,94962,79053,9527,41520,56585,28159,51073,85289,5601,1330,32127,89646,31867,10392,12342,49620,8594,56394,41227,41553,34834,49994,82838,39318,62464,6148,19273,56377,90817,972,8165,94506,61631,68864,51815,83608,54508,46840,12839,6189,13811,55146,66048,75468,57985,45876,78131,5494,71718,5456,98030,74935,30927,82136,51890,88420,418,47414,59628,27498,85360,94979,11188,43527,30813,44569,54181,60110,67649,43764,75326,60932,79331,54550,23210,22228,93773,71004,38563,21995,47030,71270,67736,49621,42455,78672,88077,46658,58415,30255,19542,59635,56897,41522,47969,98358,15425,74259,3263,90943,38565,40626,11119,30957,79625,84229,29342,38706,1356,91989,91211,27402,35663,12501,80590,92948,5235,64051,42356,72603,36956,55280,10992,77086,51112,76007,76000,42545,45147,73454,45997,10808,89811,13990,87864,69191,31350,93312,89723,44874,77421,65439,91427,78714,62580,56268,19567,92685,39149,73796,16199,8934,1107,53937,53407,76677,63176,20088,87920,3219,61501,95954,11691,57190,19407,32613,49518,50907,11158,68635,49037,85287,81633,84666,35171,1483,23308,37056,48092,39363,4271,70679,30736,17778,38952,13810,32505,88861,90904,52795,39705,98591,87274,83675,22623,67058,36831,74510,14797,44311,95869,44485,46891,57689,60490,22174,66425,44652,51392,52947,5006,3039,11421,25746,81859,56155,37502,38108,70127,57284,67698,10811,89572,43507,63537,12001,83216,20064,3072,9428,47721,37514,66229,4446,50932,75743,83303,58607,5589,62184,78739,66076,85558,99532,39540,46045,51652,78586,55402,49829,86660,64574,90793,79845,30981,70490,82760,16991,55784,27152,84647,70920,12669,88584,426,8002,1173,25066,79307,63679,82014,3174,94382,89560,47250,17736,37552,22025,3937,51420,15319,31596,2551,21374,19745,44344,5241,22243,79818,41307,136,75358,34057,88431,69475,1139,71150,96158,76919,30965,2112,6617,51823,20036,57231,66818,89417,4257,38538,37314,30950,32745,3526,73544,96844,28275,31309,5351,59781,27660,51770,93912,12235,16365,23629,42818,15744,26100,344,15156,81860,38372,9097,45289,26859,10712,64024,36427,54879,73727,49956,1757,13182,42155,49049,53392,55423,74004,34053,42833,41370,51612,25435,90763,59201,33653,30266,97149,12800,27353,96503,32962,30751,7397,90733,7638,40206,17421,48255,72171,72369,31769,14100,79958,19884,17378,44419,92730,36792,26326,26647,1654,15076,57820,51106,17236,59071,24019,79316,13873,18732,23727,49447,99797,9368,64544,676,90663,38913,17107,2068,16507,40354,76798,64672,46430,34055,41042,53365,15925,20291,41831,35107,53935,69652,10154,34627,80238,33527,62509,96791,19575,50229,41962,31658,84665,12730,12274,13007,31050,38657,14996,51641,92344,20398,83236,46866,22303,63240,85429,66061,56656,11696,67604,77832,19904,44473,50132,47714,4560,93404,80617,50773,46723,41325,49097,18569,40868,21550,14599,21840,10371,9855,13271,3907,26282,37728,40801,45167,22977,86519,14517,26127,74683,61228,77702,33259,64499,24435,5309,1010,74116,279,20401,89748,45201,28704,55913,53447,69634,38365,44736,35572,54363,55438,78683,66282,41387,53223,84466,24707,80630,46407,21675,20114,10418,61210,28624,89411,28983,53436,98800,99046,22338,45617,43620,47545,95261,10380,85825,24877,25763,22183,18289,68727,12996,6740,86843,98150,36876,87739,53770,41194,95730,86387,145,14758,33168,87344,99582,80120,68011,36626,36964,48155,13108,46590,28311,6813,47432,28683,81705,59422,46356,80609,43332,51084,78337,27176,18416,221,15935,2577,28581,10328,67805,18265,41359,19841,92857,70443,42416,92540,68129,70487,28224,14521,61463,71433,63091,30943,76507,89915,25675,89266,45726,42318,51880,75206,21964,4169,25219,25290,83386,51146,2537,33514,48497,62407,5997,9024,15113,39465,45003,84102,7925,8086,70913,5135,18529,78267,90585,5853,34901,6902,62527,96871,57908,41448,96205,94470,33276,88912,51749,81119,47652,91415,63863,54921,81195,93225,73877,26001,26258,74902,81582,67696,29464,3683,22758,65077,60345,95412,65882,88525,22220,69629,82385,67897,82405,69059,98468,97768,36680,1881,570,99467,18442,45176,16840,43565,30686,10461,38210,18750,51320,11228,69457,29170,49165,20713,11965,80188,68087,16694,28582,42160,49373,74517,42576,81387,50281,69760,2608,89484,24999,81154,70027,43142,40709,10452,13474,98158,88192,46693,33755,32795,83878,88534,79167,83934,60238,35465,78315,84331,45522,21094,6735,13394,72054,27804,2266,10846,62026,26711,89477,82214,13918,12326,42227,77539,98546,16856,86043,69959,25893,79360,86557,28200,31099,94411,56141,35632,34921,31909,43846,19545,72688,1658,79064,48461,75899,62957,28393,30717,4765,17596,55775,44824,81120,12356,89316,63708,69196,78318,35906,9789,83989,30153,8299,66107,10167,39711,42376,80525,17892,89203,28497,34544,31234,56888,92658,72144,19839,96220,41463,94691,84632,61098,8365,6683,13998,26831,90724,78689,13712,58185,81374,788,33849,22428,97182,85766,29348,88892,3964,9811,16072,85078,51730,58379,11378,10370,72103,49292,28055,93644,41444,47314,56320,2560,56644,8613,4012,39123,91518,16665,62427,4065,11542,7255,35808,93259,59042,74562,19772,69934,86621,99075,99314,34824,71549,651,10786,38977,15622,7024,18534,8948,67648,35684,5555,30869,34763,51686,82726,93996,80234,99791,3991,25027,18890,5665,23881,29427,2065,21289,78746,39205,27651,44408,48846,76437,43739,68910,30637,50062,74351,30745,39869,29543,96433,18807,66796,10886,35728,94221,40815,78238,70846,30747,63199,29727,29819,79417,72518,4204,17519,77846,10631,21900,22543,19849,29111,57799,53310,11024,70618,52932,15346,52077,49750,29917,83997,17822,79843,26531,35313,8671,92146,37183,21480,7795,8071,50238,5389,91698,64094,51865,20842,28652,76151,40900,8534,49333,66491,69648,91918,82651,19094,81898,36975,89588,10537,61666,83622,78785,95564,1765,1474,77951,11083,49871,41171,63211,82394,55154,69522,31810,95969,15772,65805,22599,68982,338,48781,18845,59826,47407,87607,24979,71687,14418,7073,37383,52564,16076,931,72848,63419,4486,85080,995,31097,46432,55221,19415,28980,46111,35466,74581,33057,60767,35593,57338,49528,98710,71472,9513,41234,72322,3241,30452,16964,20566,38186,56990,3750,35455,40949,38633,55069,35447,36592,70740,14285,3093,3227,74396,87552,73917,95644,41319,9247,39086,32558,24994,14200,20576,26083,80269,30159,49431,62474,47693,7657,92797,31679,61256,21391,3463,60668,97538,1616,14021,39993,9892,13591,92044,79702,66939,46242,61515,72183,70093,65292,51044,82,97144,35149,83317,46171,59286,66250,18636,92516,28266,89244,56004,56626,80928,81890,57072,59097,98135,87654,66060,13363,45926,52144,30249,87334,26894,80439,48712,65661,70280,76158,56485,24440,71848,575,61979,4799,28876,50274,75983,50738,17294,52452,94262,35390,92812,20087,97109,68995,65228,51647,33064,53166,39343,42460,30787,2693,62423,88922,34383,78214,17696,56947,23759,35491,90998,31638,57079,9457,14321,88810,21661,16710,60077,41214,16457,79926,25523,22677,83273,86792,99948,60265,72608,55758,83372,4285,94660,57439,26222,48002,44761,6649,93463,9058,39895,57724,18906,97848,76964,28817,92054,15086,30443,61971,94910,84352,96339,9623,22590,42437,62539,43584,86623,97419,44055,46353,35076,61876,7929,60733,405,4755,13733,96454,15424,39748,59168,86051,78912,7470,99560,10459,79381,32386,24522,59379,29201,15601,52205,85972,52510,52964,40328,6319,77609,13751,14349,50603,10560,99921,51103,97201,50491,55535,27310,11663,25357,69248,91190,83292,74171,9904,49372,55511,96300,61849,95426,91986,74458,84746,30100,63784,44676,45026,5515,36868,70158,32289,70698,8199,32270,35025,84290,55741,28022,64280,87802,92562,40365,85588,16951,29468,76032,23316,71860,34914,95552,30982,29020,10334,39770,52253,33318,63097,36681,45368,79515,44225,68407,90240,88104,95285,44728,83044,69260,54234,73241,97165,27959,18965,3235,87235,22880,81744,67638,29721,76118,83033,79816,16819,53380,23971,29174,45854,95545,95535,11539,65535,11144,84172,32895,72973,84456,39523,59995,95963,64922,47888,31033,61150,20660,82237,4253,29480,17319,9698,37855,69787,22026,8616,96859,49025,10217,52327,36493,49792,28255,42968,63005,90557,33615,70161,78661,25736,2292,98474,77155,12587,75779,72172,94094,17297,7163,23684,11023,76602,86790,77763,60802,21599,80964,57440,52211,65653,95440,95161,63482,8405,79371,87102,63770,41973,96421,46869,2791,79709,93122,9361,69280,69563,85427,39153,12398,83443,59831,44853,83514,10080,6236,87364,21968,97370,87251,34303,89653,34122,25754,56856,71969,78607,26320,14108,61736,55806,92432,52007,18983,16172,4958,52740,8821,17202,58856,67716,58080,6275,70450,45471,13686,58617,44476,45611,72349,98835,92664,98761,16905,93859,30183,95398,99347,53500,24254,74607,15455,40875,61932,2584,76326,55454,84788,30650,74410,44003,91154,52721,89904,89039,82857,51442,25755,34459,26905,69641,46475,14713,37422,68670,41945,15739,65075,9336,41157,53968,11405,90522,91216,68748,89197,64896,64696,72269,66794,60895,9653,93307,70520,33607,62725,80904,83014,58423,23877,98477,31531,51393,55900,29025,41729,24929,29188,70040,3680,92875,10013,99700,34391,9412,9453,47939,71615,12076,57057,42859,53727,62203,95070,35639,26089,9119,55539,36840,45996,83746,64027,26502,83696,73095,91460,53970,71071,64352,2099,88435,54494,93354,29389,976,25318,62332,6098,30610,9377,70249,7959,36279,73314,30492,44383,86930,81453,60371,80347,6046,3642,35004,75464,18139,76572,55609,824,63003,40152,10760,26804,44781,8753,40847,37449,3403,753,85257,5340,64765,27240,559,30845,64610,93084,46675,5888,1235,87720,85056,17456,90728,1998,31852,7141,55718,5517,19548,81354,25236,876,917,10344,12573,82975,63452,80783,68790,78846,54461,33302,92242,45281,50571,89370,44803,81974,98715,95525,3116,75026,84419,37399,77296,98623,27762,19671,47490,28850,29772,72228,45843,95371,42992,92616,25267,72147,74106,17074,34177,46575,2077,83792,91619,3063,96484,34514,98316,48531,21628,85897,80218,88281,39148,93314,41589,27981,6534,87421,32527,72972,60886,22343,18208,61306,31180,92884,85510,3993,93392,43802,8009,11472,76183,21133,5943,38668,46457,8549,97066,49368,51143,71093,98786,91429,42283,28104,17287,83067,59160,67195,55094,94535,50796,6800,45632,73349,43293,50559,96197,86744,97475,85721,53803,37467,26177,58101,68655,30707,18194,41476,74580,5020,66028,44630,17843,43834,6817,86117,6418,66878,61962,8127,25348,453,39113,91159,61223,85155,52639,28911,5246,46661,95589,57500,71636,22218,43775,99380,93656,76501,69847,40592,44845,10365,40403,19991,31274,82623,48189,51500,84197,2504,51532,70135,63671,86448,28650,20301,93940,79700,4758,91300,95014,8090,9448,3829,23536,76700,94326,99718,76942,34093,15760,94339,72451,78898,82927,20874,39690,38807,23651,35883,53902,50036,27585,75046,36129,49426,89504,58595,20027,81665,81058,52222,73717,74065,95022,13776,22464,78465,64951,85046,2646,1854,63009,70735,63699,33021,50199,16741,99316,17381,78548,19009,20885,75566,85064,96327,37535,4237,17461,46523,81613,37170,72938,57174,23897,58504,44322,28570,10050,8280,2075,37019,89110,52159,1116,85140,33011,74543,64404,58890,16126,14139,76386,82957,39803,98784,82602,41292,98554,32752,41400,55075,24598,84145,16222,68084,4463,28618,93300,27788,50310,46002,75130,11869,98992,67992,65223,55014,58737,56181,48915,37517,22443,78376,74805,5448,71006,86154,16379,1183,14789,87214,97543,67524,36820,99053,65281,72762,13290,87900,50917,50431,76090,61800,49992,37232,54193,34496,13898,17782,3229,21346,80642,29908,87959,44317,21284,27942,58003,32853,8994,77335,1039,89288,7811,89392,68969,4159,74072,48172,67010,24088,85156,22198,3416,76753,80725,88893,62042,51180,88989,43143,21641,47600,55052,81579,55362,95351,44365,16448,10639,94899,84258,70785,44182,82372,28478,34545,43322,59378,86013,80058,69254,4864,37556,72950,41717,66962,47200,25104,90456,18765,15441,88338,11143,91245,71977,24652,35462,74514,28806,24542,6616,49463,93747,28187,28006,82100,47349,16330,48082,90593,21086,64520,78179,63832,76582,81770,34675,77803,28984,7160,2092,50590,38855,13410,36721,1604,23361,39866,64305,42682,82061,79548,77940,15474,1331,37608,80301,75493,15311,19100,41929,84084,28767,51849,41941,83742,67809,69186,7965,87793,83950,37060,38542,56770,5745,60770]
500
