[1]
10000
1000000000
[12,12]
13
2199
[8108,8155]
2431
7821
[190,123,20,139,22,140,62,58,137,68,148,172,76,173,189,151,186,153,57,142,105,176,36,104,125,188,152,101,47,51,65,39,174,29,55,13,138,79,81,175,178,42,108,24,80,183,133,114,165,118,56,59,124,82,49,94,8,146,109,14,85,44,60,181,95,23,150,97,28,182,157,46,160,155,12,67,135,117,2,25,74,91,71,98,127,120,130,107,168,18,69,110,61,147,145,38]
3016
240
[264,194,332,88,37,152,38,333,174,237,338,77,308,137,158,197,167,295,319,74,224,78,121,219,281,165,277,227,257,66,148,125,254,129,258,98,191,4,63,172,253,40,221,45,54,132,122,111,110,279,190,299,193,139,41,305,208,105,162,7,19,31,181,252,207,217,133,155,231,84,213,294,97,107,186,101,118,195,315,234,102,182,335,65,248,336,320,34,61,225,112,304,267,59,176,103,270,317,86,340,291,178,204,62,273,99,55,220,256,127,3,296,26,285,242,303,124,230,48,128,8,68,341,255,51,288,334,313,10,32,75,113,14,23,76,157,166,67,306,80,206,246,276,321,145,9,202,222,261,138,73,240,278,282,280,15,71,286,287,90,226,236,330,28,12,96,177,123,115,85,233]
3600
117
[72,244,113,159,330,154,156,311,170,283,9,224,46,197,2,325,237,54,168,275,166,236,179,266,77,196,59,313,286,41,21,201,57,237,74,333,101,281,227,25,138,10,304,55,50,30,250,48,274,331,240,153,312,63,303,342,79,37,165,20,79,293,103,152,215,44,56,196,29,251,264,210,212,135,296,123,289,257,208,309,67,114,170,119,337,163,242,162,109,318,51,105,272,240,107,226,224,188,224,317,27,102,63,128,3,133,27,134,186,220,198,24,274,287,267,8,13,322,278,166,304,165,342,89,184,300,312,339,163,307,123,137,293,227,229,57,66,13,71,233,260,79,228,301,4,4,89,196,193,337,205,51,144,99,104,73,10,311,240,168,77,244,114,217,186,134,229,241,46,89,54,127]
4086
109718563
[193,363,335,233,215,519,180,167,10,501,591,471,421,425,344,533,555,477,59,28,92,66,266,530,595,264,331,462,268,521,401,9,464,275,166,527,218,219,107,34,367,117,42,172,291,392,35,160,294,192,342,168,349,328,578,240,470,301,574,222,173,438,318,476,546,64,542,339,137,585,39,5,312,103,87,372,589,513,217,90,379,161,506,487,326,139,452,525,223,232,429,31,245,198,76,423,255,243,141,303,150,273,529,176,231,73,337,165,494,400,136,142,33,495,369,430,511,498,465,582,199,409,347,537,602,395,83,209,346,548,485,109,333,382,30,248,146,63,315,415,325,327,186,490,133,262,187,360,155,356,532,17,127,13,512,37,386,220,422,457,202,545,373,178,442,428,552,417,113,522,310,330,491,140,260,147,292,507,441,517,3,132,324,469,188,7,461,299,376,115,284,68,480,229,19,162,46,444,394,305,189,18,535,154,263,427,288,420,570,404,478,190,607,49,135,381,343,371,560,144,524,283,259,431,196,278,298,112,316,80,405,29,432,354,86,234,411,447,157,58,85,48,27,104,365,120,397,267,433,253,1,562,221,276,489,575,350,368,52,391,170,252,448,272,443,608,210,446,101,314,16,60,455,138,580,541,99,93,295,601,102,515,62,539,111,364,598,70,466,274,75,399,370,44,45,473,378,282,481,216,171,551,323,317]
125
292541445
[229,274,18,200,350,541,367,302,397,305,171,199,412,556,348,477,381,410,541,415,281,166,224,40,272,585,583,417,353,243,167,335,565,494,52,253,178,198,221,99,126,529,433,322,63,252,131,524,148,355,257,23,224,353,426,593,95,262,332,81,431,359,381,245,219,330,150,488,442,36,57,173,432,55,61,589,68,350,540,424,174,593,378,364,286,35,27,446,504,523,179,25,333,231,137,81,176,516,64,440,484,254,54,337,76,233,26,23,8,601,147,591,93,352,211,336,553,32,61,492,132,179,148,434,69,526,57,345,234,334,205,286,586,501,574,196,563,218,253,462,139,138,436,468,508,416,103,103,408,176,278,299,124,60,204,162,529,19,420,163,188,142,163,382,361,58,315,397,268,33,268,589,505,309,559,186,534,253,521,82,38,595,592,533,288,368,510,433,424,185,60,251,509,45,491,271,54,85,295,569,559,385,182,314,62,116,547,472,214,95,538,538,447,266,323,16,372,361,503,556,3,316,439,394,306,128,163,258,519,228,233,389,518,326,130,152,326,86,87,347,170,155,349,537,300,433,206,214,392,101,401,1,504,473,567,283,412,509,150,388,306,488,327,54,309,255,218,550,584,55,91,430,446,417,279,546,203,281,407,237,443,211,553,225,525,591,431,156,335,203,166,471,208,60,487,358,178,314,290,581,337,224,471,38,176]
7363
911846577
[1249,641,3360,2977,1652,982,911,87,311,899,97,662,3112,2047,3025,3423,2086,2300,2799,3107,971,2695,2604,1838,783,2410,2525,2855,519,274,268,1703,111,2319,1761,2216,2923,342,418,3124,1885,999,1427,2426,3351,2789,3164,3370,3495,3078,1753,20,2121,423,771,2770,2812,17,327,1448,1563,2752,2614,417,1685,1096,2109,1784,2653,1544,3150,2933,816,1024,2613,417,13,931,3568,132,2481,3017,3443,152,2226,658,3220,2394,279,3062,2613,1006,36,1724,3233,2577,514,2311,3167,3369,789,1432,1062,2653,2194,2003,1647,3068,89,702,2930,3422,214,940,3377,3202,2200,883,3276,3544,2236,2896,2435,3236,2674,3484,3556,3122,1999,3307,3326,484,803,238,3247,1589,1159,3624,1875,1265,1535,591,1959,253,1707,3209,271,3190,529,2784,2814,1153,3123,240,18,2008,2689,124,2094,871,2925,1128,935,1445,1287,2404,2391,3371,1481,2407,1733,2744,3026,3017,3019,244,2489,2822,39,1207,630,2681,922,800,245,2552,1462,3411,1201,627,2135,1649,1463,3527,2694,738,2437,269,1479,3604,3097,1139,2686,648,240,2938,2665,2218,2017,3170,2765,581,1559,1153,1609,2520,2385,2778,535,185,2569,3307,1217,1436,774,1046,2692,3127,811,2716,1999,1445,640,2827,3106,2160,1805,1863,2402,262,670,2174,1793,2888,3189,3625,2892,2798,2706,3498,3082,1071,1946,554,2249,1208,1004,2977,907,2747,371,2060,3064,2610,1945,2798,3429,2452,902,1975,2647,2520,994,3379,1138,3576,2859,2024,927,3387,2696,890,2751,2645,3337,1740,125,2842,1725,1114,1740,2499,1867,769,3014,3376,323,1290,3417,2747,129,1015,143,1836,1718,1383,1533,885,3475,2907,3347,2546,1872,33,2426,1710,2012,2720,3071,3212,3096,30,2870,3422,905,2990,2995,1548,421,372,1717,604,839,2091,1290,536,1120,1400,2708,868,3376,1082,808,2776,438,2406,1130,1036,992,3217,284,925,604,1648,3621,3555,1497,1121,2931,435,2904,1359,3439,2202,1696,2811,3533,2105,1120,2022,2382,1946,2696,129,1311,1980,3532,771,2870,2359,2111,121,283,2983,1642,2410,1738,154,2302,1453,3475,2012,3539,3316,951,1905,3014,1790,477,3294,3457,3311,2867,622,574,3179,2212,2415,111,800,950,821,2678,1338,1703,1730,3603,2280,2494,3094,3549,1364,32,1017,2571,2893,1376,3483,2758,1800,503,2936,954,153,2593,2137,195,635,1904,3431,2008,1087,902,1893,1955,2779,713,2693,57,2424,2493,3346,2212,2685,2182,1556,679,1046,1950,473,2817,1538,2775,1513,1826,698,1923,1665,2579,207,512,1137,71,191,3185,2801,2860,548,295,2484,2581,2522,1232,1758,1231,1837,3362,1493,686,2818,370,2947,3060,288,3596,3623,1509,491,872,2961,2160,3632,754,3232,1752,194,1249,1020,3171,363,2382,3117,1641,294,3238,1846,3622,3237,3502,1880,2699,1432,2346,1173,1700,1566,2000,409,2503,2575,1928,866,1137,987,1156,1764,451,2566,635,1551,243,2913,1925,500,412,674,447,3264,1492,3362,2901,965,3370,2688,2553,2609,492,1801,3068,3108,3255,3480,3520,1808,780,1341,3520,1603,2415,2973,1449,2496,1345,3139,413,1326,1018,2533,3397,3036,2081,2395,3223,1946,1185,949,114,221,1809,3586,2607,2507,624,1393,871,3355,283,2540,505,2883,2325,2161,399,3598,783,1439,2593,620,2161,1326,4,3299,1273,3017,2799,1895,441,1924,543,3574,271,1244,3041,3506,2683,2550,2725,816,1846,2880,2537,314,704,1306,294,2436,499,1201,1142,3044,2737,2869,2889,3633,1365,1637,615,222,238,1688,3632,90,1659,3315,2696,2719,2385,2514,2962,252,2277,3332,787,553,1727,1061,1408,2451,564,257,2783,2682,1849,2896,259,1274,763,1098,1506,1356,2020,1673,2794,2782,333,2084,1362,657,233,1393,1660,1792,129,3271,2505,3104,3262,838,1752,3522,1604,2936,670,3570,2504,2609,3493,136,1997,473,1956,1757,1713,676,2618,3556,1645,1881,17,1345,934,856,1563,2833,1606,2993,3209,3526,1197,1835,144,2230,1582,2389,242,3629,3032,2935,1768,3443,3397,434,1250,1570,685,1312,1548,965,2978,345,2112,2222,3152,412,2091,2440,2648,3282,3224,2424,667,1498,2887,3,1278,1439,3096,1292,3069,3044,2140,111,3020,362,397,388,3574,1403,2327,3585,19,1776,2276,1474,3174,2501,595,2820,3626,351,3373,106,3141,1549,296,1762,3181,454,995,2253,597,641,1870,981,3145,2733,1243,45,2329,2696,3141,1137,565,202,104,2446,1876,3570,103,33,790,2060,1340,2998,1553,2767,2515,360,343,1889,20,3069,1571,1341,462,1484,3167,1648,491,338,1873,2635,3057,3412,1881,3496,2122,2033,1183,920,2185,2320,3508,2720,1676,861,738,439,1506,380,1671,2250,2322,1654,506,1599,1038,1229,2989,2787,3048,2006,2582,2366,3020,1338,2818,778,3547,2415,894,3419,2873,1851,2434,1530,2854,475,3131,2161,386,211,2520,1559,228,1444,1925,927,2871,3175,2947,1108,3463,1027,584,1362,1576,3121,480,1270,2389,193,3368,3490,589,1301,794,756,1346,2338,1246,3077,2557,3610,1190,2285,206,1493,285,114,442,2797,1678,1679,1069,1662,256,368,2599,3092,804,2642,871,2361,2590,2900,2748,1913,2566,2287,3431,871,1442,548,1256,2970,2724,3350,350,3097,3004,2258,940,1763,550,1171,1966,1694,374,1919,2482,532,1716,830,707,2399,279,1332,288,2357,2410,2567,2195,2433,3471,2361,2672,1684,2291,1896,697,2208,353,1423,3087,3192,3111,506,3601,3159,1993,2826,3575,2546,1953,808,425,518,292,1640,1215,1560,2064,2469,1350,2079,149,2239,2370,3540,665,244,456,3410,2623,1501,1931,2966,873,2214,1191,2555,3158,1394,672,1271,1822,2854,2687,2595,1310,635,2982,2094,705,1518,2883,3149,1336,7,437,1851,1404,1279,2781,3625,3120,2896,1805,1820,900,1884,105,3526,1683,1823,2344,1241,3247,2942,3187,1539,2656,1275,328,3374,2426,3336,2265,1220,1027,2814,354,918,3034,3455,3509,2110,650,3525,2872,708,1637,2427,3441,3202,2708,2949,331,1453,694,1693,2354,2982,3319,1915,2548,259,2434,1382,2519,3262,174,3318,373,1791,3312,2253,3348,2121,315,2703,1728,526,8,146,713,1604,3489,681,452,2096,2671,1991,75,3592,3196,3276,407,3448,99,454,1726,562,2924,1733,537,969,457,835,3177,737,1289,1664,1805,1752,968,555,3216,2428,1961,954,2738,3285,194,2714,1345,2244,208,2320,1221,1013,2895,1417,2849,2401,3017,2022,1275,3393,3029,2498,609,732,2679,3227,1023,825,299,871,732,954,3019,2678,2382,74,382,1396,2822,3496,1003,252,2613,586,3121,1385,991,1372,3456,3100,3347,3402,794,1590,805,2971,1701,3352,1170,3013,3588,3185,2674,1006,2662,2384,3482,2679,2539,2332,2310,2815,301,1050,1527,3069,1438,2815,33,3488,1173,2393,2738,1340,2457,2796,2947,3540,313,1249,2227,2276,3440,3085,885,3607,2451,2881,2807,3098,1753,138,358,931,3435,2485,3621,268,3414,835,128,1355,3593,429,1990,3362,1134,2748,2765,2542,3523,427,3396,12,3055,2960,954,2729,340,298,1629,1260,3627,2341,2600,2343,1432,1576,2609,3015,3147,3322,1101,3060,539,2273,1206,1314,2334,1809,3154,1471,1225,131,2373,1015,3309,3270,3080,1910,2073,2790,617,3083,2066,496,835,246,2728,2555,2142,3562,2081,761,3450,2777,731,2698,1289,2262,3055,1152,1289,1067,695,1942,3255,1212,974,1295,839,2274,722,1858,2546,3559,258,2867,1948,1900,1082,3527,3517,76,601,3340,925,533,2226,2281,1620,1854,711,2922,2429,239,295,510,2498,1706,669,1694,1506,3239,2688,67,2101,1239,108,2586,1456,1153,2642,2460,1579,88,700,1331,59,2020,1924,3462,1160,3593,1191,1438,1338,561,794,979,1065,1914,3225,3238,2298,3630,2126,164,3497,3377,3403,3317,2108,2208,3085,2618,1720,2189,2650,1324,163,1840,1748,3441,2987,2389,1532,2353,1561,1850,862,1404,2310,2560,660,564,1261,2706,2296,3035,219,3117,2882,3130,15,779,979,433,865,1303,1243,1252,1387,1908,1926,191,2034,1558,2031,2152,977,3399,2992,2626,1597,547,2508,3403,273,2771,638,316,3150,136,1380,1587,2684,1239,2665,2366,779,410,28,1493,2742,1268,3389,2228,364,3139,1878,1121,2030,2679,1794,2161,163,2917,2200,469,443,3200,20,2320,3074,614,907,1030,2350,2525,2833,1479,3324,1831,1444,1390,1603,102,1986,902,3330,548,2028,509,1560,1370,1136,2523,125,2032,1923,858,530,879,711,655,1314,714,2593,3348,2354,2395,3605,1564,1925,938,533,1072,702,2111,1931,3222,987,3473,3324,2997,469,786,821,715,3245,1961,2237,3393,465,2590,3428,2711,1364,2380,1428,1353,1107,3018,3420,1443,3404,174,3398,1562,1707,699,2134,2577,251,1782,2074,3075,1894,1472,1748,721,1864,3495,239,2706,3460,756,2819,3141,3379,3351,1572,3197,2170,174,2630,1504,1260,1322,20,2746,2709,1958,2944,1727,2189,593,1284,2561,3189,2447,310,607,2396,1184,641,394,851,599,3610,1114,2800,755,3256,1504,1884,265,915,514,545,1800,2959,694,2996,3083,645,2000,171,2944,1352,1523,1361,1930,997,1530,1288,2045,666,659,1515,2140,573,2998,3312,2851,1759,1593,732,753,2592,1361,609,2212,2723,2195,202,3340,3255,1446,1060,3506,2623,213,3120,2141,1891,1340,1324,1187,3025,3295,762,1888,2067,8,2251,2948,2161,1270,2847,2310,1052,2915,3248,1432,2699,2871,2214,2976,173,2981,158,1958,3187,1644,2910,1565,1304,2405,2803,3125,2040,1298,2137,3611,2520,8,163,2029,146,3007,2159,3211,836,193,2638,2924,362,3488,2225,2493,3558,3506,727,211,602,3206,32,3293,2236,1275,2404,818,2373,3392,3296,2776,3341,2038,3101,3091,2563,3108,1878,3284,717,2167,2649,1625,3296,441,3415,936,1807,3256,458,298,1124,2565,3609,2395,2680,1530,909,3094,1214,483,75,2221,3249,1394,2752,2402,1534,3151,241,475,2525,2576,819,446,217,3191,2785,671,1680]
5080
14
[505,1537,1346,1913,181,151,170,1177,1257,113,1986,488,2105,1313,1636,878,557,1305,1756,1849,779,665,1731,159,905,2101,1470,5,836,262,1482,1486,753,239,1189,105,546,2049,1327,1595,161,712,623,1206,125,178,2015,1732,471,1060,1087,1801,916,1279,452,991,161,916,801,1637,1897,1185,1774,228,783,745,103,813,16,78,495,1477,762,1121,2092,1432,807,497,1933,77,1836,1429,711,1994,1978,1764,1159,1293,1140,1523,1373,802,691,847,1774,1198,466,1807,1336,1528,993,2080,890,94,342,1346,1415,1906,968,1133,1742,1106,1914,876,914,1226,40,1610,1963,398,76,1294,766,52,785,1378,1187,1207,1929,1557,269,62,1033,198,541,1064,1186,660,1105,1440,1418,406,1705,1045,96,1062,1120,789,1277,1569,1389,1686,1624,1641,256,1295,570,1399,1651,1318,710,1809,2012,730,779,365,1241,2038,592,892,475,125,1621,754,1343,1063,1709,1625,87,1959,1218,1438,1758,244,296,1303,752,1460,807,852,2098,1954,238,573,316,1682,1456,1855,1130,1923,1625,813,1592,23,2035,745,856,875,378,957,1691,653,467,1483,368,413,48,1632,529,914,322,2092,827,1978,110,1041,147,1781,1693,1874,1000,1907,497,1097,618,1454,828,515,1790,297,1538,1273,444,1116,1835,469,942,1364,465,444,179,247,1924,1909,1276,214,949,1930,1262,1948,1405,982,1313,1047,762,342,1595,85,1287,1542,952,172,329,1801,76,199,537,2070,709,1128,1604,196,861,669,928,865,940,698,2024,1884,342,2060,1914,1919,1662,1992,2009,329,358,290,452,1759,1392,995,538,500,381,1757,2039,200,1316,30,450,700,1883,1239,887,456,1180,2090,1050,925,1727,591,940,750,713,701,1317,1374,1503,1047,1586,1492,885,1577,702,424,743,954,796,854,1638,191,992,2121,703,1280,469,1587,1400,1660,1254,696,65,153,889,572,403,1125,528,1131,261,141,1393,89,1585,1935,681,1544,1394,1104,1332,1655,324,13,689,1879,473,1676,1279,1748,1172,33,590,819,2001,1874,1565,1502,1090,608,1213,736,543,530,86,266,1769,1879,1909,295,1040,1521,323,311,547,1209,1385,1605,677,1758,493,1789,197,1361,234,2047,946,2081,597,2029,764,746,803,136,416,1793,459,36,1801,957,2045,1663,1143,847,901,1563,388,360,725,775,2102,1290,1239,2111,1036,477,1621,750,595,145,1109,1514,1672,1686,943,1567,1606,1837,887,452,1104,1579,994,1614,168,167,762,1929,790,1431,1897,1696,64,1162,1482,402,1868,591,180,112,770,1254,1868,924,1156,1246,1790,394,348,530,1454,1371,1256,1325,897,238,952,903,217,1245,304,410,1938,1309,1471,88,123,1588,80,1629,748,145,288,2046,1381,1171,1164,1689,774,179,1525,742,1202,1407,1697,446,537,1233,863,1019,1510,1144,1338,2077,1413,1228,1554,401,851,534,1324,1947,334,202,1219,2066,1258,717,385,950,108,1707,349,1442,1544,320,1605,1733,401,2052,1395,65,398,2089,1822,1307,224,2025,472,1518,1949,1621,1148,175,1161,66,2110,1709,200,818,1392,940,1531,885,1843,270,942,1191,1039,1646,1565,624,1803,833,1972,407,1580,1160,710,360,687,1125,822,786,1208,1932,1512,1459,1028,113,1101,2092,493,615,831,1260,176,208,1522,1624,546,1710,419,1427,330,48,692,574,2111,1762,1747,1837,1013,1315,1110,60,1493,401,164,651,1868,863,1568,738,1858,1937,1833,1240,1860,1129,1794,315,1269,1809,263,27,446,479,1002,1612,1678,623,70,893,1057,1648,2026,264,921,1005,994,1929,877,641,755,941,1206,2038,720,1496,511,1486,739,202,114,1874,745,1955,1062,1979,803,989,749,951,121,553,1539,2029,1160,780,1022,271,1120,436,91,1341,1756,1154,1024,1403,1248,1598,1929,129,122,1184,1817,1341,1591,1698,1084,174,1837,2113,531,1988,166,1222,62,1151,1861,1821,1403,82,148,235,675,958,2098,1981,1885,1101,104,937,1220,393,949,1204,822,98,842,697,1984,1695,1336,1579,843,1739,927,1237,864,1486,651,2073,1931,2081,247,1286,895,1946,1690,24,295,1170,867,462,105,1796,365,65,1517,1505,189,542,208,1264,1488,1022,1181,1888,233,621,473,243,1697,1496,618,958,1260,673,531,587,1125,1069,1460,1550,1665,828,1847,1804,725,791,768,193,87,340,857,1981,841,1585,1516,628,751,1614,469,980,630,987,1574,1354,1856,358,640,1513,688,1267,1864,1473,1136,2103,1839,951,137,1704,347,562,816,1630,1370,177,713,1000,711,110,824,227,1322,1361,1706,305,1003,700,338,1869,879,985,1793,792,1399,1339,1324,939,805,1288,232,892,595,1234,2004,1498,1159,124,514,267,1718,422,920,759,1362,422,360,1992,174,1999,1146,1417,1156,201,340,1825,19,72,859,1067,925,1303,637,674,2026,1738,1633,1410,873,866,380,917,1823,350,2023,1418,448,1595,165,1248,853,578,105,137,1693,1812,2100,417,1048,141,2080,76,1147,1981,111,1895,1821,1677,997,675,528,602,1174,1031,2072,1001,462,2114,668,1426,295,1997,931,332,678,1180,1388,1380,14,1699,1497,357,329,1575,1588,2117,36,1568,1876,67,1251,2113,780,2125,1606,1679,1197,1467,882,647,66,790,311,287,1692,636,1935,548,1930,960,1040,1098,857,1207,1034,1405,1206,449,79,1573,1681,984,823,1887,1376,933,2105,1388,1323,1447,1334,367,1778,717,1799,458,1687,1429,1959,594,1439,199,773,331,417,1477,1471,1713,678,656,2059,2122,175,647,1938,1169,552,1848,766,446,1200,1930,1844,13,711,798,1044,1742,1057,737,986,129,337,1618,985,630,1875,317,1761]
416
445719215
