["Graph","shortestPath","shortestPath"]
[[1,[]],[0,0],[0,0]]
["Graph","shortestPath","shortestPath","addEdge"]
[[3,[[0,1,143],[1,2,65]]],[1,1],[0,1],[[0,2,180]]]
["Graph","shortestPath","shortestPath","shortestPath","shortestPath"]
[[3,[[0,1,88],[0,2,114],[1,2,22]]],[0,2],[1,2],[1,2],[1,1]]
["Graph","shortestPath","shortestPath","shortestPath","addEdge","shortestPath","addEdge","shortestPath","shortestPath","shortestPath","shortestPath","addEdge","shortestPath","addEdge","addEdge","addEdge","addEdge","shortestPath","addEdge","shortestPath","shortestPath","addEdge","addEdge","addEdge","shortestPath","shortestPath","shortestPath","shortestPath","addEdge","shortestPath","addEdge","shortestPath","shortestPath","shortestPath","addEdge","addEdge","addEdge","addEdge","addEdge","addEdge","addEdge","shortestPath","shortestPath","addEdge","shortestPath","shortestPath","shortestPath","addEdge","addEdge","shortestPath","shortestPath","shortestPath","shortestPath","shortestPath","shortestPath","addEdge","shortestPath","shortestPath","addEdge","addEdge","addEdge","shortestPath","addEdge","addEdge","shortestPath","shortestPath","addEdge","shortestPath","shortestPath","shortestPath","addEdge","shortestPath","shortestPath","shortestPath","addEdge","shortestPath","addEdge","addEdge","addEdge","shortestPath","shortestPath","addEdge","addEdge","addEdge"]
[[20,[[0,5,27],[0,9,38],[0,13,87],[0,16,178],[1,5,70],[1,13,75],[1,14,141],[2,8,134],[2,10,137],[2,12,73],[2,16,168],[2,17,70],[3,10,81],[3,14,67],[3,16,53],[3,17,138],[4,8,48],[4,14,32],[4,19,87],[5,9,43]]],[0,11],[0,13],[14,15],[[17,19,166]],[17,17],[[11,19,71]],[6,9],[1,2],[8,11],[2,11],[[6,16,43]],[14,15],[[4,9,49]],[[6,17,149]],[[16,19,57]],[[1,10,143]],[6,8],[[2,5,164]],[11,11],[15,15],[[18,19,198]],[[1,11,122]],[[13,15,89]],[14,14],[13,17],[9,18],[2,6],[[10,19,116]],[14,18],[[4,12,157]],[15,19],[9,12],[11,13],[[11,12,46]],[[3,11,8]],[[3,19,128]],[[14,18,175]],[[6,12,69]],[[15,17,181]],[[9,16,146]],[8,19],[5,15],[[6,9,60]],[10,19],[2,17],[1,9],[[2,14,70]],[[7,15,125]],[14,15],[14,19],[10,12],[8,13],[18,18],[7,14],[[15,19,91]],[17,17],[12,13],[[14,16,68]],[[7,12,5]],[[17,18,148]],[5,18],[[9,14,174]],[[5,11,144]],[9,17],[18,18],[[6,11,19]],[12,16],[2,11],[4,10],[[4,6,199]],[18,18],[5,17],[15,17],[[2,18,45]],[15,19],[[4,5,89]],[[6,15,155]],[[0,15,84]],[9,14],[14,15],[[5,7,197]],[[2,9,199]],[[16,18,21]]]
["Graph","addEdge","shortestPath","shortestPath","addEdge","addEdge","addEdge","shortestPath","addEdge","shortestPath","addEdge","addEdge","shortestPath","shortestPath","shortestPath","shortestPath","shortestPath","addEdge","shortestPath","addEdge","shortestPath","addEdge","shortestPath","shortestPath","shortestPath","addEdge","addEdge","shortestPath","shortestPath","addEdge","shortestPath","addEdge","shortestPath","shortestPath","shortestPath","shortestPath","shortestPath","addEdge","shortestPath","shortestPath","shortestPath","shortestPath","shortestPath","shortestPath","shortestPath","shortestPath","shortestPath","shortestPath","shortestPath","shortestPath","shortestPath","addEdge","shortestPath","shortestPath","shortestPath","addEdge","shortestPath","addEdge","shortestPath","shortestPath","shortestPath","shortestPath","shortestPath","addEdge","shortestPath","shortestPath","addEdge","shortestPath","shortestPath","shortestPath","shortestPath","shortestPath","shortestPath","shortestPath","addEdge","shortestPath"]
[[20,[[0,1,200],[0,3,125],[0,5,148],[0,6,178],[0,7,85],[0,10,168],[0,12,114],[0,13,11],[0,14,180],[0,15,175],[0,16,194],[0,18,31],[1,2,137],[1,4,155],[1,5,128],[1,7,15],[1,13,42],[1,14,33],[1,15,133],[1,16,181],[1,17,12],[1,19,37],[2,4,69],[2,5,189],[2,6,151],[2,7,160],[2,8,176],[2,10,140],[2,11,185],[2,12,34],[2,18,131],[3,4,10],[3,5,197],[3,7,144],[3,10,34],[3,11,79],[3,14,80],[3,15,92],[3,16,69],[3,18,135],[3,19,19],[4,5,188],[4,9,9],[4,10,92],[4,11,85],[4,13,50],[4,14,85],[4,16,3],[4,17,167],[5,6,62],[5,7,68],[5,8,145],[5,10,38],[5,13,185],[5,14,140],[6,7,174],[6,9,117],[6,11,105],[6,13,119],[6,16,44],[6,17,197],[7,9,124],[7,12,118],[7,14,11],[7,15,78],[7,16,124],[7,18,128],[7,19,172],[8,10,95],[8,12,119],[8,13,54],[8,14,112],[8,15,134],[8,18,77],[8,19,191],[9,10,102],[9,13,43],[9,14,6],[9,19,178],[10,11,106],[10,12,111],[10,13,161],[10,16,96],[10,17,195],[10,18,96],[10,19,37],[11,14,60],[11,17,142],[11,18,115],[12,14,14],[12,17,116],[12,19,164],[13,15,150],[13,16,137],[13,18,71],[14,15,85],[15,16,194],[15,19,184],[16,19,182],[17,19,194]]],[[4,19,183]],[17,17],[4,4],[[7,13,9]],[[13,14,97]],[[7,8,142]],[10,18],[[16,18,192]],[5,19],[[18,19,156]],[[15,17,64]],[12,13],[17,17],[7,17],[6,14],[12,12],[[13,19,73]],[11,17],[[14,19,79]],[18,19],[[11,15,13]],[2,2],[15,15],[18,18],[[3,17,12]],[[9,11,56]],[0,4],[0,19],[[1,8,78]],[8,11],[[2,16,60]],[17,19],[14,18],[6,11],[13,15],[3,5],[[0,8,18]],[16,17],[12,18],[10,17],[16,17],[9,18],[3,8],[1,1],[7,17],[0,17],[1,11],[16,16],[1,10],[12,19],[[5,12,113]],[14,16],[3,3],[4,18],[[11,13,11]],[3,15],[[9,18,139]],[8,17],[12,14],[3,3],[4,8],[16,16],[[12,16,177]],[15,18],[2,14],[[5,15,75]],[5,18],[3,8],[10,18],[16,16],[12,19],[11,17],[6,13],[[10,15,145]],[4,18]]
["Graph","shortestPath","addEdge","shortestPath","shortestPath","addEdge","addEdge","shortestPath","shortestPath","shortestPath","shortestPath","shortestPath","shortestPath","addEdge","addEdge","shortestPath","addEdge","shortestPath","addEdge","addEdge","addEdge","addEdge","addEdge","shortestPath","addEdge","addEdge","shortestPath","addEdge","addEdge","shortestPath","shortestPath","addEdge","addEdge","addEdge","addEdge","addEdge","shortestPath","addEdge","addEdge","addEdge","shortestPath","shortestPath","addEdge","shortestPath","addEdge","addEdge","addEdge","shortestPath","shortestPath","addEdge","shortestPath","shortestPath","shortestPath","shortestPath","addEdge","addEdge","shortestPath","addEdge","addEdge","addEdge","shortestPath","addEdge","shortestPath","addEdge","shortestPath","addEdge","shortestPath","shortestPath","addEdge","shortestPath","shortestPath","shortestPath","shortestPath","addEdge","shortestPath","addEdge","shortestPath","shortestPath","shortestPath","shortestPath","addEdge","addEdge","shortestPath","shortestPath","addEdge","addEdge","shortestPath","shortestPath","addEdge","addEdge","shortestPath","addEdge","shortestPath","addEdge","addEdge","addEdge","shortestPath","addEdge"]
[[100,[[0,4,37],[0,9,118],[0,10,14],[0,11,123],[0,15,19],[0,18,172],[0,28,10],[0,32,23],[0,39,83],[0,41,144],[0,53,105],[0,54,165],[0,55,17],[0,65,56],[0,70,100],[0,71,135],[0,72,3],[0,76,191],[0,80,195],[0,85,38],[0,94,23],[0,98,8],[1,15,173],[1,19,12],[1,20,145],[1,23,123],[1,30,181],[1,32,62],[1,41,134],[1,53,70],[1,57,65],[1,60,137],[1,72,39],[1,73,168],[1,75,163],[1,76,130],[1,77,12],[1,87,166],[2,6,173],[2,8,63],[2,24,71],[2,27,199],[2,31,111],[2,36,175],[2,51,197],[2,64,17],[2,66,42],[2,69,121],[2,76,113],[2,77,63],[2,83,197],[2,87,156],[2,94,194],[3,8,69],[3,9,168],[3,10,91],[3,11,185],[3,20,101],[3,24,40],[3,25,75],[3,29,109],[3,30,81],[3,42,94],[3,43,89],[3,44,38],[3,47,120],[3,49,145],[3,53,128],[3,58,128],[3,61,1],[3,68,22],[3,70,17],[3,77,64],[3,79,168],[3,81,107],[3,83,56],[3,92,126],[3,96,120],[4,8,155],[4,19,36],[4,22,152],[4,25,38],[4,32,197],[4,37,17],[4,41,177],[4,62,167],[4,63,48],[4,66,123],[4,67,109],[4,70,49],[4,74,94],[4,75,18],[4,76,165],[4,78,56],[4,81,74],[4,85,16],[4,88,46],[4,90,129],[5,10,156],[5,12,116]]],[13,56],[[13,44,65]],[93,93],[95,99],[[79,88,66]],[[67,68,99]],[19,99],[98,99],[43,73],[30,78],[71,86],[83,96],[[72,89,119]],[[28,73,5]],[87,88],[[96,97,112]],[76,97],[[44,93,39]],[[45,89,106]],[[97,99,150]],[[24,49,73]],[[15,93,79]],[92,92],[[67,98,108]],[[7,50,139]],[23,78],[[18,93,21]],[[43,71,25]],[13,70],[92,96],[[41,73,76]],[[53,65,139]],[[60,62,67]],[[28,31,39]],[[83,88,131]],[29,86],[[0,25,154]],[[25,56,188]],[[90,92,181]],[68,89],[1,3],[[63,74,166]],[80,90],[[85,87,172]],[[14,81,148]],[[94,96,44]],[22,37],[1,36],[[24,92,42]],[12,65],[54,73],[6,27],[39,64],[[44,75,30]],[[79,97,189]],[98,99],[[17,72,121]],[[4,31,11]],[[41,70,177]],[83,98],[[15,92,139]],[60,85],[[69,92,198]],[82,84],[[89,91,32]],[22,88],[10,47],[[46,85,61]],[19,54],[73,79],[4,77],[46,85],[[68,84,169]],[4,46],[[64,84,23]],[58,62],[96,97],[40,56],[8,71],[[50,80,162]],[[79,89,96]],[35,97],[76,85],[[88,99,155]],[[86,89,15]],[36,38],[10,52],[[37,73,114]],[[44,84,175]],[80,89],[[69,76,1]],[81,88],[[8,59,161]],[[78,97,200]],[[79,92,49]],[6,88],[[33,46,137]]]
["Graph","shortestPath","addEdge","addEdge","addEdge","addEdge","shortestPath","shortestPath","shortestPath","shortestPath","shortestPath","shortestPath","shortestPath","shortestPath","shortestPath","shortestPath","shortestPath","addEdge","shortestPath","shortestPath","addEdge","addEdge","shortestPath","shortestPath","shortestPath","shortestPath","shortestPath","addEdge","shortestPath","addEdge","shortestPath","shortestPath","shortestPath","addEdge","addEdge","shortestPath","shortestPath","shortestPath","shortestPath","shortestPath","addEdge","shortestPath","addEdge","addEdge","shortestPath","shortestPath","addEdge","addEdge","shortestPath","shortestPath","addEdge","shortestPath","shortestPath","addEdge","addEdge","addEdge","addEdge","addEdge","addEdge","addEdge","shortestPath","addEdge","addEdge","shortestPath","shortestPath","shortestPath","shortestPath","addEdge","shortestPath","shortestPath","addEdge","shortestPath","shortestPath","shortestPath","shortestPath","addEdge","shortestPath","addEdge","shortestPath","shortestPath","shortestPath","shortestPath","shortestPath","shortestPath","addEdge","shortestPath","shortestPath","addEdge","shortestPath","addEdge","addEdge","shortestPath","addEdge","addEdge","shortestPath","shortestPath"]
[[100,[[0,5,179],[0,9,174],[0,12,94],[0,14,123],[0,15,51],[0,16,68],[0,19,86],[0,27,56],[0,28,55],[0,35,3],[0,46,110],[0,49,190],[0,62,59],[0,70,173],[0,73,61],[0,77,123],[0,83,147],[0,84,93],[0,94,8],[0,95,193],[1,7,34],[1,10,176],[1,12,192],[1,15,90],[1,20,172],[1,24,161],[1,26,128],[1,33,89],[1,38,18],[1,40,18],[1,44,135],[1,47,102],[1,48,6],[1,51,30],[1,53,44],[1,59,64],[1,62,20],[1,67,173],[1,71,77],[1,79,73],[1,92,66],[1,97,130],[2,3,51],[2,7,113],[2,12,72],[2,17,165],[2,30,137],[2,33,108],[2,35,153],[2,54,4],[2,58,191],[2,67,85],[2,69,150],[2,76,121],[2,79,134],[2,87,165],[2,92,107],[2,93,79],[2,95,195],[3,15,152],[3,18,147],[3,19,100],[3,29,161],[3,30,73],[3,33,15],[3,48,164],[3,60,67],[3,63,53],[3,67,96],[3,69,87],[3,77,3],[3,78,152],[3,81,98],[3,89,161],[3,92,73],[3,95,68],[3,96,55],[3,99,195],[4,15,17],[4,25,151],[4,26,14],[4,30,79],[4,32,111],[4,37,107],[4,39,4],[4,42,195],[4,43,83],[4,44,29],[4,53,112],[4,60,64],[4,63,179],[4,67,36],[4,82,12],[4,86,50],[4,92,47],[4,93,93],[4,94,177],[4,98,3],[5,7,18],[5,9,54],[5,11,137],[5,17,79],[5,20,141],[5,22,99],[5,24,142],[5,28,6],[5,35,27],[5,37,183],[5,43,93],[5,54,3],[5,56,73],[5,62,170],[5,68,117],[5,79,33],[5,81,175],[5,84,148],[5,86,151],[5,89,82],[5,90,90],[5,91,2],[5,98,105],[6,8,2],[6,18,101],[6,33,91],[6,36,135],[6,41,85],[6,43,67],[6,44,88],[6,47,59],[6,49,127],[6,50,186],[6,54,51],[6,56,116],[6,60,95],[6,63,67],[6,65,111],[6,85,114],[6,87,99],[6,89,47],[6,98,162],[7,20,126],[7,25,54],[7,30,8],[7,33,102],[7,34,89],[7,36,52],[7,42,111],[7,47,141],[7,52,1],[7,57,149],[7,60,83],[7,62,81],[7,66,107],[7,70,37],[7,83,172],[7,85,157],[8,18,75],[8,25,120],[8,28,28],[8,30,12],[8,31,189],[8,41,155],[8,46,136],[8,47,62],[8,49,165],[8,50,4],[8,54,123],[8,55,165],[8,58,50],[8,62,185],[8,84,44],[8,85,175],[8,95,33],[9,20,154],[9,25,92],[9,28,99],[9,36,71],[9,38,135],[9,41,150],[9,44,173],[9,47,174],[9,52,56],[9,55,174],[9,57,57],[9,58,10],[9,59,42],[9,63,91],[9,83,179],[9,88,131],[9,91,155],[10,15,199],[10,17,191],[10,28,131],[10,29,72],[10,32,42],[10,37,78],[10,38,50],[10,49,4],[10,51,144],[10,53,132],[10,56,158],[10,59,57],[10,61,37],[10,65,153],[10,66,40],[10,72,94],[10,76,47],[10,79,35],[10,85,53],[10,92,167],[10,99,189],[11,16,101],[11,20,118],[11,21,81],[11,31,66],[11,42,169],[11,43,180],[11,47,199],[11,53,80],[11,54,199],[11,58,179],[11,66,97],[11,70,98],[11,82,33],[11,85,119],[11,86,173],[11,90,121],[11,94,87],[11,98,105],[12,13,102],[12,21,110],[12,26,86],[12,27,59],[12,29,86],[12,41,51],[12,44,191],[12,46,175],[12,62,45],[12,64,36],[12,66,88],[12,71,84],[12,84,57],[13,21,125],[13,25,84],[13,26,105],[13,29,181],[13,35,58],[13,37,91],[13,38,42],[13,42,152],[13,49,193],[13,54,58],[13,56,72],[13,67,31],[13,72,163],[13,88,24],[13,97,51],[14,18,109],[14,20,57],[14,22,75],[14,26,40],[14,29,97],[14,40,9],[14,43,148],[14,45,136],[14,55,159],[14,58,126],[14,87,62],[14,88,38],[14,93,57],[14,94,100],[15,16,91],[15,19,93],[15,25,68],[15,27,55],[15,39,192],[15,40,171],[15,45,55],[15,47,44],[15,52,63],[15,57,108],[15,79,62],[15,80,6],[15,90,148],[15,99,112],[16,17,46],[16,24,58],[16,34,96],[16,37,40],[16,38,8],[16,40,8],[16,44,50],[16,45,1],[16,52,45],[16,56,66],[16,58,158],[16,69,123],[16,82,191],[16,84,18],[16,88,24],[16,90,109],[16,91,193],[16,94,196],[17,18,137],[17,20,24],[17,32,47],[17,40,192],[17,41,79],[17,43,52],[17,48,93],[17,50,162],[17,51,121],[17,69,176],[17,72,31],[17,74,94],[17,78,113],[17,79,100],[17,90,109],[17,91,154],[17,94,171],[17,97,11],[18,22,124],[18,26,13],[18,33,57],[18,36,193],[18,37,102],[18,41,168],[18,42,164],[18,45,145],[18,60,102],[18,61,168],[18,62,44],[18,63,186],[18,64,99],[18,70,101],[18,73,15],[18,74,29],[18,76,116],[18,79,144],[18,82,112],[18,84,135],[18,94,153],[19,20,95],[19,23,68],[19,24,158],[19,27,43],[19,31,35],[19,33,61],[19,35,14],[19,45,177],[19,57,57],[19,58,78],[19,73,4],[19,75,53],[19,82,46],[19,85,5],[19,87,134],[19,93,136],[20,33,15],[20,34,33],[20,38,45],[20,45,57],[20,48,109],[20,59,190],[20,66,15],[20,67,46],[20,68,135],[20,69,106],[20,75,121],[20,81,191],[20,82,171],[20,85,177],[20,86,37],[20,88,31],[20,91,143],[20,92,131],[21,23,80],[21,26,175],[21,27,158],[21,35,200],[21,37,175],[21,40,28],[21,54,3],[21,58,88],[21,67,127],[21,78,48],[21,81,157],[21,85,158],[21,86,148],[21,91,69],[21,93,131],[21,94,199],[22,24,113],[22,30,97],[22,31,75],[22,39,91],[22,42,38],[22,50,107],[22,62,131],[22,65,73],[22,68,142],[22,69,138],[22,75,187],[22,76,65],[22,78,143],[22,79,175],[22,89,48],[23,27,62],[23,33,112],[23,36,43],[23,41,157],[23,43,169],[23,46,52],[23,52,172],[23,54,91],[23,59,177],[23,62,102],[23,67,181],[23,73,161],[23,74,55],[23,75,184],[23,76,57],[23,81,148],[23,84,150],[23,85,118],[23,86,27],[23,89,35],[24,27,92],[24,30,68],[24,32,39],[24,34,108],[24,39,194],[24,55,157],[24,56,141],[24,64,42],[24,67,84],[24,68,101],[24,73,140],[24,79,34],[24,84,28],[24,86,109],[24,92,173],[24,96,52],[25,33,41],[25,34,98],[25,35,200],[25,37,171],[25,56,160],[25,70,126],[25,82,135],[25,88,27],[25,93,142],[25,95,39],[26,27,64],[26,37,36],[26,43,137],[26,44,17],[26,45,53],[26,48,118],[26,55,22],[26,56,34],[26,57,165],[26,63,114],[26,74,58],[26,79,183],[26,84,198],[26,85,22],[26,87,1],[26,98,72],[27,31,4],[27,32,140],[27,33,112],[27,41,27],[27,45,48],[27,47,112],[27,48,100],[27,53,147],[27,54,32],[27,58,99],[27,68,2],[27,73,20],[27,76,102],[27,85,183],[27,86,101],[27,89,6],[27,91,109],[27,92,36],[27,94,176],[28,30,101],[28,37,117],[28,58,186],[28,62,180],[28,63,61],[28,66,22],[28,68,34],[28,69,46],[28,71,45],[28,72,146],[28,77,95],[28,88,21]]],[1,71],[[86,88,103]],[[2,27,137]],[[11,79,93]],[[34,55,181]],[53,74],[17,50],[73,76],[46,62],[64,64],[50,65],[6,92],[64,76],[75,99],[57,70],[1,93],[[60,68,17]],[31,62],[98,99],[[17,63,96]],[[54,73,118]],[79,79],[21,97],[7,48],[72,73],[31,43],[[29,66,160]],[11,32],[[55,76,146]],[58,83],[73,76],[69,92],[[77,87,82]],[[19,65,89]],[26,45],[65,69],[77,89],[75,92],[92,92],[[52,73,45]],[11,76],[[54,60,26]],[[18,27,178]],[88,93],[65,66],[[85,97,16]],[[76,93,189]],[34,76],[26,41],[[72,77,18]],[56,83],[27,73],[[14,31,28]],[[78,93,77]],[[15,62,33]],[[96,98,39]],[[57,79,51]],[[71,86,91]],[[46,81,169]],[12,16],[[1,85,23]],[[42,53,38]],[18,31],[15,40],[29,58],[65,92],[[81,86,113]],[48,86],[82,90],[[46,84,38]],[13,41],[16,93],[26,79],[80,90],[[58,82,142]],[23,76],[[57,95,177]],[95,97],[88,96],[26,47],[0,4],[14,55],[82,87],[[97,99,48]],[79,79],[59,78],[[38,77,79]],[63,67],[[58,99,138]],[[24,75,57]],[59,74],[[5,66,168]],[[34,93,144]],[81,88],[50,76]]