[230960]
[1]
[508268,822486]
[2,1]
[41602,525670,36378]
[2,1,1]
[6213,2984,369171,642134,620737,199694,305820,699482,319309,924530]
[1,3,5,5,5,3,3,2,9,7]
[490345,263411,403217,250820,956231,556503,750520,148933,778963,773963]
[2,3,9,10,10,1,9,9,1,9]
[83740,886469,791833,214519,20517,45422,19739,232544,173477,351959,998979,704977,188322,492131,310208,847295,455336,974963,542249,138657]
[20,19,18,12,5,16,17,8,10,4,4,15,19,8,4,9,14,17,9,1]
[132274,629850,423206,383771,526170,90444,960648,145447,856042,471297,799398,18372,540067,117255,541218,31555,841715,919433,54185,146976,333265,420295,294271,182826,794724,564881,639986,786531,399313,625119,957041,8811,812389,743330,518816,70279,839109,518487,982068,874734,324650,874661,422489,981244,474261,157727,766720,66177,632727,970753,424912,268875,103188,398301,88725,310696,221765,807090,564220,409285,134049,720646,974535,317057,444025,621447,211277,554173,842800,176031,242760,461008,797539,297855,111098,449402,933591,195290,699506,153300,240129,432177,463397,329716,38741,91691,686613,922778,404696,734375,711872,118642,875791,815876,243966,412247,405549,648615,865936,887112]
[41,33,81,88,98,34,66,17,44,61,97,91,83,83,89,94,16,52,17,59,60,26,12,36,56,66,91,43,63,18,84,55,70,87,76,2,78,47,72,81,8,98,59,80,46,62,52,81,79,13,42,71,17,67,87,100,3,81,23,46,6,43,54,26,40,57,17,30,61,57,75,14,61,73,85,7,30,18,77,8,57,9,45,44,63,1,8,45,57,45,5,90,26,87,72,93,35,65,51,21]
[778690,918038,42672,76311,508284,232967,204294,998471,841921,114034,575056,457893,547611,21903,669256,408470,881797,635654,267482,961997,242239,591025,401600,466419,343473,975731,384767,183928,955261,281957,770323,909322,543983,127719,525300,52154,287277,356511,936250,412566,388322,625405,665511,608474,921275,140503,774694,307970,517615,802283,29319,736942,691496,435273,377802,366916,846884,130200,294976,159571,130611,826627,68255,791364,874571,817266,565964,397594,603308,666462,868905,917914,140573,953544,929689,855412,21316,12332,989200,84543,869684,523375,579419,912179,75638,317132,338910,317801,967276,326451,443886,323108,725563,956051,685316,397545,149251,766178,857793,817530,555963,454089,554134,189001,146498,354114,933155,975644,33509,502487,918595,381947,160767,22276,579617,621637,64939,90621,240416,619721,666608,224267,937423,775029,988225,145868,440846,680830,970366,555458,33731,938310,183651,164316,176276,740787,52633,562835,843118,802527,693577,476670,212885,206231,627987,833349,387475,964555,31831,24927,187478,942379,710007,396513,459550,320123,850456,178955,390267,394052,23447,724326,387190,353683,483313,828930,197048,299332,741040,130622,881382,252580,137880,532022,355859,87502,649269,663940,818049,425210,334406,201605,80022,43468,881345,86496,423280,50660,9874,534183,360146,213076,671436,104353,762152,272626,442748,899229,824550,317760,494839,107018,871321,731786,278841,962477,864292,571693,729636,979099,392388,184608,390200,484773,968293,886356,110813,407310,758952,94965,845997,10445,200744,689703,16095,166480,138395,36903,332198,253303,665820,458634,434644,766401,884269,753653,282081,737586,873703,20052,353021,621045,801680,410226,219207,358856,682339,293052,265406,582354,471002,641829,296497,334817,361086,983441,524125,59033,314890,421136,963766,834885,458211,118081,355951,715677,674049,3566,48845,395021,685223,397134,325411,356117,13576,360367,323686,40282,20510,449909,976492,635500,65703,448643,187565,525482,845109,758193,218278,128639,330051,124340,201452,284808,360277,749164,715388,26183,683640,672293,766045,655453,626436,972159,720605,194116,266516,520008,227887,555725,255055,515431,39383,965636,201893,366610,421068,661083,411670,10380,79778,914475,601484,656420,663595,718531,875579,101782,56494,672370,604304,757424,797172,824055,314299,28724,315948,560704,346088,227138,247761,869205,793177,119218,136971,515815,969109,510084,13458,324701,145257,961788,335597,389148,64991,272871,14920,146284,976906,250537,195719,9832,936847,166362,639170,937182,903853,763730,844801,283012,201018,605912,236636,852546,640101,984251,889257,920828,293878,455246,395179,866969,407849,580473,815736,866813,889603,368797,253237,482039,889061,668789,881779,378554,345256,870533,655249,698308,135661,872569,158176,206479,119126,591000,893748,288654,483009,347857,968268,270658,598650,484551,363595,743327,501896,883742,652264,565444,281094,628548,919083,400177,656242,196021,98114,283650,76464,323898,327191,706135,564436,701109,904105,876292,407315,276814,996497,465113,394756,474297,7029,957237,669944,642950,892922,423135,579118,444742,594205,449882,784799,312204,717279,478338,742575,59865,497097,675168,365565,603715,157257,621589,941348,693591,772032,768843,50485,181518,896907,611479,665860,234305,449667,650786,927499,226102,129716,27241,550276,649375,261417,702982,585279,461102,823055,634373,795050,834923,145009,405881,398943,27112,697369,645207,44530,252935,120327,671748,902171,306801]
[417,413,383,61,434,22,413,355,305,238,149,440,16,319,460,89,234,231,249,225,157,247,339,3,205,6,123,221,301,326,436,120,456,108,347,259,5,121,359,236,195,352,266,464,11,434,499,270,102,491,363,327,68,244,307,390,498,424,419,266,4,40,125,73,496,196,19,42,403,112,423,447,335,38,383,44,144,90,369,211,412,417,370,460,45,131,321,178,136,401,400,426,429,304,407,459,275,204,214,478,483,405,120,444,320,228,476,124,223,147,235,95,496,246,58,382,462,437,90,260,304,279,389,319,319,141,482,153,130,385,486,498,323,130,421,404,124,351,338,300,14,15,436,6,368,448,438,283,54,158,244,343,1,92,431,466,306,133,280,471,237,475,172,373,135,354,53,47,276,113,60,255,134,109,31,21,342,109,393,14,387,110,83,75,357,395,485,182,51,26,242,223,462,24,253,447,216,286,99,125,292,106,158,8,139,58,449,82,327,89,279,163,14,481,289,351,273,80,290,13,121,466,257,408,114,472,309,499,464,112,427,488,272,139,304,60,274,463,299,470,13,147,211,162,391,86,301,416,44,257,234,383,265,122,333,21,235,160,143,446,203,475,20,242,292,337,391,248,52,175,336,405,422,470,348,477,56,337,370,394,26,178,134,322,448,36,148,217,47,225,324,144,418,320,294,288,312,278,244,136,362,95,392,75,52,88,426,278,204,379,129,299,475,99,175,91,414,23,65,492,342,283,61,48,426,152,395,196,409,12,418,232,498,203,142,45,8,228,305,400,192,80,159,2,374,328,405,65,268,56,128,398,430,176,358,244,246,305,295,413,148,309,20,448,306,383,141,61,313,324,6,294,145,24,490,403,21,308,208,32,126,31,433,438,178,498,303,488,450,90,144,186,38,48,134,380,66,12,400,51,436,290,420,397,38,37,418,398,314,32,175,301,110,54,186,231,22,115,421,35,377,364,294,324,114,128,297,18,111,336,360,65,7,57,148,212,132,340,410,23,278,125,273,389,219,252,34,268,133,332,333,456,378,486,207,73,374,305,273,385,231,100,96,355,98,122,207,302,211,195,330,213,211,397,118,495,173,328,326,420,183,497,250,387,157,452,403,427,360,327,211,430,289,135,274,62,41,179,71,80]