[22,42,-46,-17,-30,-17,8,-13,-38,-23,22,-47,-32,1,-19,-44,49,4,15,-42,41,5]
22
[-34,-6,17,-35,-23,50,42,16,38,5,29,9,39,17,18,43,-7,-33,47,44,2,36,-47,-24,1,11,-17,20,-27]
-35
[-24,-5,-2,-50,-15,-6,11,-37,-29,-8,15,-45,49,-12,8,29,-32,36,27,-8,-1,14,13,-17,33,18,15,28,35,22,-42,29,-14,28,15,30,-14,-27,25,-33,39,-31,-18,5,-2,-20]
-48
[42,22,-2,5,25,-21,-6,-25,-2,-41,-21,-28,45,-5,-29,-17,20,-21,-40,-27,39,34,-9,1,-29,-5,-42,-5,-5,8]
-14
[31,-30,-32,-13,-37,33,21,-12,36,35,-50,-22,-2,-18,-49,-17,41,-42,-6,16,31,-43,27,46,-5,-8,30,36,26,-27,-29,-14,21,16,-36,-41,7,-13,-36,42,-39]
2
[29,32,44,15,37,43,-13,25,31,-22,2]
44
[-48,-6,-25,35,-5,-1,-49,-41,-37,14,-18,-1,23,-18,32,-21,-13,-23,34]
10
[13,47,-1,28,31,-48,-8,8,31,15,-24,-19,15,-25,-8,-24,-33,48,34,35,30,29,7,-50,42,-46,-12,45,-19,-5,-19,35,44,31,4,-24,18,-38,27]
37