5
[]
3
[[0,1]]
4
[[1,2],[1,0],[1,3]]
4
[[1,2],[0,2],[0,3],[1,0]]
9
[[8,6],[6,3],[1,5],[8,1],[8,5],[1,4],[8,4],[0,2],[0,6]]
11
[[1,3],[9,7],[8,7],[10,2],[5,7],[5,2],[1,2],[10,9],[6,1],[2,0],[8,5],[4,0],[9,4],[7,0],[6,0],[3,8],[10,3],[8,0],[10,7],[10,1],[7,2],[1,9],[8,2],[10,0],[3,0],[6,8],[1,0],[10,4],[1,8],[10,5],[1,7],[4,2],[8,4],[6,3],[3,9],[6,10],[6,9],[9,2],[3,7],[6,2],[6,5],[6,7],[7,4],[1,5],[8,9],[3,5],[5,9],[1,4],[9,0],[5,4],[3,4],[3,2],[6,4],[5,0]]
51
[[0,34],[34,26],[26,17],[17,10],[10,29],[41,6],[6,19],[19,7],[7,24],[24,45],[45,0],[29,20],[20,42],[42,31],[31,2],[2,50],[50,37],[37,1],[1,49],[49,9],[9,18],[18,38],[38,11],[11,30],[30,39],[39,48],[48,32],[32,44],[44,5],[5,23],[23,4],[4,13],[13,36],[36,16],[16,3],[3,22],[22,12],[12,47],[47,21],[21,15],[15,8],[8,27],[27,25],[25,35],[35,46],[46,14],[14,40],[40,33],[33,43],[43,28]]
100
[[60,83],[57,93],[96,73],[51,44],[70,72],[22,64],[93,22],[22,92],[45,70],[37,52],[10,64],[83,92],[24,10],[64,73],[31,28],[22,2],[9,78],[42,20],[91,44],[84,17],[84,69],[57,96],[69,43],[62,50],[2,46],[23,22],[97,83],[48,74],[28,90],[94,95],[11,14],[8,44],[96,87],[62,85],[87,15],[91,47],[8,73],[82,43],[18,55],[75,49],[50,2],[19,97],[40,32],[8,62],[73,59],[23,29],[51,92],[38,77],[24,28],[88,20],[97,67],[24,64],[9,12],[96,46],[84,54],[18,8],[3,21],[30,59],[22,52],[51,22],[3,73],[84,74],[55,74],[77,15],[13,64],[9,34],[93,39],[34,66],[20,87],[11,80],[42,19],[8,21],[94,33],[18,75],[84,43],[89,15],[93,41],[5,6],[42,93],[10,87],[40,91],[95,67],[25,69],[81,56],[8,46],[19,44],[65,56],[94,52],[16,95],[28,0],[40,85],[45,95],[38,20],[41,48],[90,80],[27,37],[93,1],[81,65],[16,94],[58,92],[66,74],[11,22],[91,67],[25,83],[81,0],[44,95],[98,14],[39,77],[18,86],[66,46],[20,95],[63,80],[93,83],[7,72],[88,33],[63,70],[38,76],[57,94],[83,56],[7,5],[34,67],[36,77],[24,35],[49,14],[5,97],[70,80],[5,72],[77,2],[0,46],[39,72],[38,69],[32,43],[61,10],[29,46],[57,25],[19,27],[83,14],[82,55],[96,48],[63,8],[29,94],[41,14],[11,13],[31,46],[88,35],[30,85],[19,25],[32,95],[83,54],[21,32],[19,54],[68,20],[79,13],[67,46],[40,69],[61,29],[64,86],[21,76],[55,72],[97,71],[25,92],[88,55],[41,56],[63,83],[8,87],[35,71],[68,75],[8,58],[25,43],[67,14],[8,55],[60,80],[25,65],[57,48],[4,1],[42,58],[24,14],[64,6],[0,85],[6,86],[20,2],[50,59],[19,98],[53,22],[7,2],[3,10],[54,74],[20,80],[40,4],[53,59],[84,92],[88,87],[38,84],[32,27],[40,53],[44,72],[70,74],[60,56],[66,48],[54,48],[79,94],[68,27],[58,35],[42,85],[7,11],[36,89],[39,65],[71,74],[37,73],[57,92],[4,13],[79,33],[7,28],[29,80],[18,50],[88,15],[82,0],[57,32],[12,32],[96,77],[97,90],[69,95],[75,86],[79,30],[32,71],[18,99],[86,92],[57,17],[58,37],[79,38],[5,43],[91,36],[60,67],[86,80],[78,3],[31,34],[49,83],[5,50],[16,90],[25,21],[82,19],[47,35],[28,22],[85,43],[30,33],[13,43],[34,6],[25,70],[57,72],[9,66],[21,66],[34,35],[1,59],[9,49],[11,72],[5,90],[44,70],[3,66],[66,43],[23,86],[18,62],[8,35],[83,99],[23,89],[49,56],[7,30],[20,15],[30,80],[64,43],[63,21],[62,64],[96,20],[45,14],[38,66],[8,15],[40,48],[31,19],[49,46],[88,52],[68,23],[7,84],[78,16],[11,76],[0,90],[8,98],[23,16],[50,72],[42,96],[23,44],[5,56],[8,65],[11,1],[18,60],[26,85],[36,75],[63,75],[23,28],[88,46],[87,56],[4,99],[88,72],[13,6],[5,29],[32,67],[51,14],[27,64],[75,28],[63,24],[36,0],[20,1],[4,64],[51,21],[81,6],[70,33],[11,57],[35,99],[3,84],[26,10],[91,76],[12,30],[98,10],[40,79],[63,86],[79,83],[8,52],[36,29],[31,89],[10,71],[38,65],[78,5],[96,59],[44,73],[63,64],[86,41],[7,58],[28,33],[38,44],[77,43],[18,76],[78,77],[56,15],[29,60],[4,37],[53,19],[19,29],[42,63],[85,52],[36,65],[49,74],[51,65],[58,94],[68,53],[48,59],[78,71],[9,22],[38,1],[50,67],[0,72],[29,52],[66,80],[62,72],[10,48],[18,32],[78,14],[17,52],[13,20],[51,70],[93,56],[65,59],[47,97],[50,41],[3,95],[34,0],[85,1],[62,39],[91,57],[68,4],[45,27],[36,92],[4,49],[96,25],[82,62],[79,90],[31,24],[34,29],[87,92],[82,26],[36,58],[28,48],[58,48],[93,81],[93,80],[81,97],[61,77],[16,75],[18,28],[88,95],[66,17],[35,56],[3,86],[38,15],[17,65],[7,12],[82,45],[70,20],[5,52],[48,52],[34,25],[78,47],[38,52],[82,32],[98,92],[23,83],[42,50],[34,37],[97,2],[11,12],[13,93],[61,13],[91,48],[29,73],[58,14],[12,14],[23,80],[62,35],[19,64],[82,59],[57,90],[79,50],[13,26],[0,64],[9,88],[5,60],[61,66],[80,46],[82,84],[40,84],[25,37],[61,39],[93,73],[42,76],[30,17],[61,74],[31,97],[8,5],[61,85],[88,83],[63,49],[28,89],[76,74],[82,96],[47,86],[88,48],[9,28],[84,71],[32,59],[61,11],[91,97],[57,5],[36,6],[69,60],[24,43],[61,58],[96,62],[31,55],[53,52],[41,95],[75,10],[78,52],[11,89],[63,97],[68,44],[61,30],[7,10],[36,66],[34,98],[24,76],[90,14],[17,72],[82,81],[31,9],[47,20],[28,94],[37,46],[25,6],[23,39],[35,46],[7,59],[61,75],[87,72],[51,47],[25,77],[93,32],[36,83],[51,11],[65,2],[69,14],[42,97],[57,43],[58,41],[3,77],[95,92],[93,10],[40,67],[4,26],[44,22],[36,87],[27,95],[19,86],[23,2],[49,43],[36,43],[77,86],[22,43],[82,85],[38,10],[45,80],[51,49],[68,5],[78,83],[36,44],[10,35],[18,72],[31,81],[28,65],[63,85],[82,24],[31,73],[63,30],[9,60],[57,30],[78,49],[20,10],[11,77],[12,39],[93,89],[16,71],[63,69],[58,99],[9,87],[19,72],[28,72],[4,14],[21,15],[5,95],[35,80],[40,97],[88,73],[94,65],[44,59],[91,23],[75,99],[21,89],[47,21],[24,70],[90,48],[3,54],[63,91],[25,52],[28,74],[13,35],[45,77],[40,52],[30,64],[13,94],[21,65],[92,33],[40,29],[38,96],[69,55],[69,97],[4,48],[9,46],[9,67],[84,20],[78,72],[7,76],[24,92],[70,29],[49,37],[99,80],[91,13],[39,76],[40,60],[79,22],[39,6],[38,17],[56,67],[45,99],[45,69],[42,59],[4,85],[44,77],[1,43],[12,28],[17,80],[53,55],[9,19],[42,27],[30,6],[12,33],[66,90],[86,52],[96,41],[60,74],[63,50],[26,72],[88,50],[68,43],[22,33],[49,97],[38,12],[12,87],[34,49],[97,99],[30,56],[91,70],[95,33],[25,85],[62,28],[32,83],[47,15],[78,43],[26,75],[82,86],[20,55],[42,10],[78,96],[82,38],[97,15],[68,35],[57,73],[51,19],[76,60],[76,15],[34,43],[79,25],[96,44],[72,46],[75,59],[44,2],[55,46],[48,15],[23,24],[16,64],[18,89],[12,73],[45,29],[39,48],[54,37],[53,84],[62,45],[68,88],[63,59],[5,13],[11,35],[66,55],[79,64],[65,1],[57,15],[57,0],[97,35],[78,11],[24,1],[13,77],[98,65],[78,97],[81,87],[65,73],[97,89],[53,8],[34,93],[96,94],[9,8],[0,60],[45,71],[53,38],[70,50],[35,59],[53,34],[80,52],[18,19],[86,99],[51,45],[88,71],[11,75],[42,92],[61,94],[55,1],[77,92],[11,71],[20,85],[71,89],[10,54],[51,97],[27,33],[86,74],[71,59],[85,83],[39,54],[23,37],[39,87],[28,70],[68,12],[60,35],[93,67],[61,49],[7,21],[6,89],[3,49],[34,27],[24,16],[60,64],[3,17],[3,45],[38,80],[38,33],[81,22],[50,92],[40,57],[34,24],[31,8],[58,43],[90,6],[31,50],[4,20],[7,36],[36,22],[53,11],[96,6],[5,3],[30,45],[11,84],[79,3],[29,6],[91,11],[61,67],[9,1],[7,56],[11,52],[34,48],[25,33],[2,92],[40,17],[23,90],[75,48],[68,64],[28,76],[16,0],[25,39],[3,29],[8,45],[28,46],[4,11],[18,56],[23,59],[3,22],[17,83],[32,41],[61,55],[40,44],[31,75],[85,92],[93,43],[11,62],[23,69],[19,26],[90,41],[57,39],[78,73],[66,77],[11,27],[2,67],[61,5],[38,67],[82,78],[40,83],[64,65],[6,52],[38,89],[59,67],[78,50],[76,55],[75,44],[2,48],[29,87],[11,26],[75,29],[70,22],[71,41],[69,72],[45,92],[22,17],[92,67],[47,19],[53,94],[2,59],[96,69],[45,41],[81,84],[94,43],[96,12],[53,35],[31,32],[49,27],[82,31],[5,27],[76,22],[83,73],[18,6],[68,96],[78,86],[17,89],[31,91],[31,85],[3,44],[40,64],[82,36],[70,67],[57,38],[70,60],[58,74],[81,45],[19,95],[0,99],[78,57],[31,92],[22,83],[50,94],[11,92],[82,71],[34,87],[78,29],[98,86],[94,80],[72,33],[30,73],[0,10],[34,92],[20,67],[5,10],[62,27],[57,29],[99,95],[53,56],[63,73],[45,49],[20,43],[36,54],[8,10],[12,37],[79,62],[76,49],[96,21],[7,16],[61,47],[4,58],[47,72],[21,20],[3,26],[73,80],[66,6],[28,49],[18,40],[9,25],[91,39],[68,56],[40,15],[57,74],[23,54],[61,53],[8,60],[8,27],[35,54],[8,25],[73,99],[38,90],[27,50],[8,24],[45,66],[58,15],[16,21],[81,85],[69,71],[23,50],[40,88],[16,6],[48,67],[91,4],[51,66],[98,55],[57,84],[22,72],[69,46],[42,47],[63,76],[34,83],[54,80],[25,22],[3,20],[26,14],[10,41],[64,92],[97,80],[30,60],[96,50],[42,38],[26,59],[8,83],[85,54],[49,50],[29,67],[76,86],[30,94],[18,54],[98,60],[83,46],[51,30],[82,47],[96,97],[11,25],[40,61],[83,80],[58,32],[5,41],[27,52],[19,96],[93,85],[83,15],[8,47],[26,95],[39,84],[22,6],[57,26],[47,14],[11,85],[19,37],[17,14],[70,71],[72,77],[5,20],[43,46],[86,2],[62,84],[36,14],[11,20],[27,85],[31,37],[93,52],[4,66],[7,86],[31,29],[48,80],[93,99],[19,87],[21,6],[7,3],[11,87],[70,56],[72,73],[18,24],[31,5],[47,3],[79,48],[77,54],[11,69],[38,27],[69,52],[17,48],[8,33],[23,95],[16,32],[88,70],[11,23],[21,33],[75,37],[57,56],[47,60],[13,67],[10,73],[12,2],[88,81],[21,29],[8,20],[42,22],[0,2],[23,43],[31,78],[53,73],[98,28],[93,59],[42,68],[76,27],[23,32],[32,80],[91,22],[11,45],[25,10],[39,95],[40,47],[68,48],[78,54],[70,97],[36,27],[62,30],[68,55],[7,37],[19,33],[47,29],[82,20],[53,39],[35,15],[24,94],[91,25],[77,33],[70,86],[19,73],[4,3],[42,75],[78,90],[76,92],[26,83],[98,62],[75,87],[31,10],[93,76],[3,36],[61,52],[91,20],[79,46],[90,64],[66,20],[99,74],[68,34],[61,44],[3,93],[62,71],[30,14],[4,95],[6,1],[94,41],[35,73],[82,66],[28,67],[58,33],[21,55],[99,33],[13,71],[18,2],[90,37],[62,60],[16,76],[31,25],[31,6],[12,29],[78,13],[84,14],[57,27],[93,14],[84,1],[34,44],[70,66],[79,70],[28,80],[8,93],[22,84],[50,43],[42,64],[98,2],[8,6],[24,65],[82,74],[39,27],[90,17],[53,43],[23,92],[1,41],[99,15],[37,92],[58,80],[21,27],[87,43],[26,32],[36,23],[76,66],[60,14],[47,0],[63,56],[82,33],[60,54],[2,56],[68,19],[22,90],[57,86],[92,59],[58,0],[54,99],[19,0],[50,54],[12,48],[81,59],[79,85],[19,80],[98,21],[97,43],[19,59],[91,45],[26,28],[45,76],[43,67],[32,85],[82,12],[11,67],[82,37],[4,71],[11,19],[48,73],[11,2],[51,98],[11,98],[11,29],[1,48],[81,21],[57,14],[81,50],[17,43],[61,70],[66,71],[15,14],[13,58],[5,14],[22,0],[28,15],[24,49],[66,52],[37,74],[66,69],[47,52],[3,0],[19,45],[93,15],[91,92],[13,80],[16,14],[66,59],[38,99],[61,81],[78,33],[6,92],[9,58],[41,99],[43,59],[60,85],[68,11],[8,59],[13,0],[91,75],[0,33],[75,20],[40,27],[93,21],[42,9],[64,1],[51,62],[51,8],[19,65],[90,54],[87,17],[79,34],[18,10],[52,43],[27,87],[87,33],[19,76],[19,1],[81,86],[87,80],[24,44],[51,39],[39,64],[90,71],[68,57],[12,35],[69,94],[25,71],[8,67],[79,8],[27,80],[9,72],[96,55],[42,15],[42,87],[31,87],[63,19],[94,67],[13,84],[42,99],[42,57],[34,97],[78,55],[63,53],[11,30],[78,22],[49,10],[24,99],[17,99],[11,6],[51,0],[76,33],[91,52],[77,41],[76,0],[20,77],[84,77],[34,56],[77,46],[51,13],[19,75],[47,85],[32,2],[12,22],[61,27],[53,29],[55,14],[2,74],[51,26],[61,14],[9,77],[98,39],[79,75],[3,2],[11,65],[81,15],[63,92],[9,16],[70,73],[19,70],[19,22],[38,48],[87,86],[32,99],[82,46],[61,26],[72,6],[4,38],[30,67],[57,28],[36,2],[91,55],[91,72],[3,33],[31,86],[69,6],[45,67],[19,99],[1,56],[76,80],[86,33],[93,0],[57,64],[47,70],[8,37],[22,15],[13,98],[47,34],[9,69],[25,12],[21,46],[51,17],[44,94],[87,6],[11,38],[51,83],[4,6],[50,86],[3,52],[70,65],[12,83],[3,65],[91,85],[41,37],[78,64],[79,23],[57,19],[64,41],[84,94],[71,95],[78,25],[28,32],[69,85],[9,53],[9,2],[36,84],[31,15],[62,49],[81,41],[7,92],[71,43],[3,87],[40,68],[33,14],[23,1],[42,94],[53,92],[63,67],[29,14],[58,12],[9,92],[70,35],[18,51],[26,17],[18,1],[57,60],[10,86],[28,2],[61,19],[16,73],[70,85],[30,50],[42,90],[88,65],[91,30],[81,64],[63,44],[94,99],[9,7],[13,70],[51,90],[30,15],[79,71],[24,58],[88,2],[21,60],[7,43],[70,83],[16,15],[42,1],[99,46],[54,67],[13,65],[29,64],[79,59],[36,72],[3,12],[82,16],[8,99],[86,73],[20,94],[17,86],[7,44],[17,56],[76,43],[88,97],[57,24],[82,17],[79,47],[63,10],[28,14],[12,72],[42,62],[13,1],[32,37],[34,55],[8,72],[26,44],[23,74],[75,97],[45,89],[70,17],[13,41],[16,29],[40,24],[93,92],[91,90],[19,48],[66,89],[86,56],[97,37],[98,83],[51,32],[71,67],[6,59],[20,65],[31,11],[62,69],[15,59],[19,66],[47,17],[4,16],[55,95],[36,88],[40,35],[51,75],[22,87],[7,33],[78,62],[3,50],[58,50],[88,37],[84,56],[82,69],[68,24],[55,59],[9,11],[21,52],[60,99],[78,36],[51,34],[89,43],[90,50],[41,46],[7,98],[19,77],[20,37],[87,65],[72,92],[94,73],[97,33],[69,33],[13,25],[87,48],[33,46],[11,58],[91,88],[3,69],[27,0],[29,83],[40,10],[9,90],[47,54],[82,14],[63,48],[31,49],[79,14],[12,49],[26,64],[51,37],[70,55],[12,15],[98,37],[79,39],[68,0],[11,24],[4,46],[42,84],[74,67],[24,21],[76,35],[38,55],[47,2],[44,99],[31,30],[87,52],[44,32],[58,71],[41,52],[24,55],[9,6],[18,65],[38,70],[10,72],[31,90],[88,27],[17,73],[22,69],[3,30],[75,66],[49,54],[12,92],[38,14],[75,50],[38,13],[98,70],[34,84],[4,50],[85,95],[47,22],[88,41],[39,30],[21,67],[21,64],[16,2],[0,67],[38,94],[96,84],[42,46],[20,99],[91,27],[49,48],[76,59],[82,27],[3,32],[20,90],[54,46],[53,23],[32,50],[24,72],[7,67],[82,68],[75,77],[79,57],[12,99],[18,23],[77,67],[45,97],[94,74],[60,52],[58,22],[85,72],[3,74],[88,23],[62,95],[29,90],[39,85],[62,80],[45,64],[79,24],[12,64],[25,55],[66,64],[6,48],[94,92],[91,56],[2,89],[18,90],[96,64],[68,13],[86,46],[13,87],[88,60],[29,95],[87,94],[30,54],[61,23],[12,94],[97,74],[98,6],[30,27],[7,38],[5,89],[60,86],[56,74],[9,21],[11,99],[65,33],[61,88],[88,93],[30,49],[57,81],[84,72],[79,78],[4,2],[53,80],[23,60],[37,15],[99,89],[86,43],[51,93],[71,64],[13,39],[23,56],[59,46],[40,86],[36,25],[79,97],[52,95],[65,80],[7,14],[34,58],[84,83],[21,95],[32,74],[57,88],[58,10],[57,49],[13,49],[42,78],[45,59],[8,41],[34,39],[7,73],[42,24],[82,22],[76,14],[91,60],[20,97],[45,56],[51,64],[63,71],[42,28],[0,69],[19,74],[25,84],[82,94],[19,14],[34,1],[4,25],[68,26],[57,75],[82,18],[53,21],[32,46],[49,86],[56,33],[61,32],[10,90],[90,56],[30,69],[66,15],[78,75],[63,38],[21,54],[13,90],[23,27],[38,58],[78,26],[84,41],[11,8],[39,74],[21,84],[5,0],[5,17],[7,29],[88,22],[8,19],[82,73],[55,94],[98,22],[51,94],[44,93],[3,83],[83,6],[57,59],[53,2],[88,86],[63,45],[49,0],[69,89],[68,81],[21,77],[34,20],[18,3],[4,41],[11,73],[6,15],[7,39],[63,96],[91,87],[61,80],[29,15],[61,60],[24,54],[65,92],[11,21],[20,35],[85,50],[63,33],[93,2],[39,49],[22,74],[75,54],[62,90],[5,32],[47,12],[57,3],[55,6],[40,95],[76,1],[7,17],[91,0],[20,33],[13,55],[19,30],[47,25],[45,55],[58,75],[30,92],[47,99],[18,17],[47,6],[57,99],[3,13],[75,83],[75,14],[24,95],[68,38],[55,2],[22,10],[51,5],[68,22],[9,32],[50,15],[8,50],[21,17],[69,56],[22,89],[11,48],[10,92],[66,87],[53,71],[26,12],[28,54],[1,73],[40,38],[0,65],[24,22],[82,29],[41,43],[96,92],[80,95],[79,10],[78,37],[97,86],[20,69],[51,33],[3,43],[39,0],[29,69],[51,85],[53,49],[4,60],[24,56],[99,14],[28,27],[60,6],[82,83],[53,37],[70,43],[81,95],[98,1],[77,59],[66,1],[45,10],[72,59],[26,29],[34,76],[35,41],[23,72],[16,46],[68,98],[63,11],[18,13],[93,77],[24,83],[20,48],[9,97],[24,48],[3,46],[91,26],[85,55],[87,89],[25,81],[12,70],[4,27],[23,94],[10,83],[96,71],[28,41],[81,54],[18,96],[75,92],[4,80],[61,2],[58,67],[21,37],[76,56],[68,8],[36,39],[11,95],[1,52],[6,54],[24,0],[91,83],[42,33],[98,30],[25,28],[91,33],[5,64],[76,83],[47,77],[58,6],[40,1],[96,43],[88,30],[72,54],[53,76],[57,6],[22,99],[54,89],[88,26],[34,41],[24,84],[37,95],[12,81],[27,56],[49,89],[72,86],[26,50],[47,13],[18,47],[98,97],[79,69],[26,71],[45,50],[83,94],[16,28],[53,58],[34,32],[4,96],[64,80],[76,95],[45,2],[95,15],[4,89],[11,33],[24,20],[9,30],[91,98],[68,32],[54,52],[57,33],[20,46],[97,94],[64,74],[45,84],[16,30],[40,81],[64,2],[10,52],[69,92],[62,55],[5,46],[5,54],[53,90],[44,49],[9,73],[40,25],[44,87],[78,95],[62,43],[51,3],[88,14],[54,2],[13,86],[68,78],[90,15],[57,97],[42,43],[64,89],[19,21],[61,65],[31,17],[61,51],[76,65],[36,10],[2,52],[9,96],[57,70],[8,96],[44,71],[88,69],[16,22],[9,50],[34,10],[9,93],[28,86],[4,88],[93,35],[65,99],[9,15],[12,50],[82,13],[69,1],[58,17],[62,15],[76,87],[57,77],[11,93],[61,21],[20,17],[82,34],[31,94],[26,46],[61,98],[88,12],[51,36],[75,95],[3,97],[18,42],[40,71],[11,5],[19,2],[69,99],[68,16],[55,99],[47,48],[36,26],[31,60],[30,95],[78,20],[78,98],[79,58],[9,47],[91,65],[66,0],[31,12],[44,0],[61,91],[39,14],[4,5],[84,67],[0,92],[80,67],[87,99],[53,66],[68,92],[70,89],[24,62],[68,50],[60,48],[36,33],[22,35],[63,51],[65,86],[91,15],[88,49],[41,67],[7,95],[30,97],[44,50],[17,77],[75,15],[21,83],[45,21],[36,76],[71,73],[0,48],[6,43],[54,95],[35,52],[19,55],[47,32],[8,3],[19,52],[42,45],[32,72],[24,86],[39,32],[30,20],[0,86],[91,10],[61,1],[71,92],[84,35],[30,84],[97,17],[16,67],[26,73],[12,10],[6,95],[40,90],[31,74],[8,81],[3,6],[72,37],[12,76],[88,84],[16,97],[26,20],[51,43],[85,94],[39,92],[4,57],[43,15],[45,65],[55,65],[53,44],[2,99],[40,41],[68,51],[24,59],[44,45],[27,29],[35,83],[87,54],[91,62],[31,79],[88,75],[87,37],[78,74],[62,37],[53,25],[55,41],[94,46],[54,43],[25,95],[66,92],[63,84],[28,64],[82,72],[74,59],[63,93],[75,45],[24,69],[82,54],[30,72],[79,73],[61,43],[74,95],[28,29],[31,0],[51,80],[11,90],[49,66],[90,55],[44,41],[16,59],[19,43],[21,94],[9,0],[75,89],[18,21],[84,99],[49,6],[0,97],[27,83],[39,22],[91,95],[4,8],[24,75],[7,1],[88,24],[47,84],[96,86],[38,92],[68,93],[96,56],[53,77],[96,30],[34,90],[79,27],[89,67],[32,48],[3,55],[35,50],[53,12],[17,2],[47,98],[83,89],[63,16],[22,48],[93,27],[42,30],[61,33],[42,41],[81,70],[42,17],[38,60],[82,95],[63,66],[21,73],[25,67],[7,99],[58,69],[4,39],[63,6],[8,48],[47,58],[36,67],[79,67],[9,48],[36,95],[1,89],[79,26],[63,65],[28,21],[26,60],[47,45],[57,20],[3,98],[48,33],[47,27],[68,45],[62,14],[68,91],[84,90],[5,77],[27,20],[24,77],[53,15],[1,99],[18,53],[79,35],[19,60],[81,55],[22,59],[31,61],[75,98],[90,2],[9,41],[9,86],[93,60],[32,69],[4,7],[0,73],[42,48],[27,99],[39,50],[5,24],[18,57],[34,60],[75,69],[28,56],[57,98],[91,73],[72,52],[79,98],[82,8],[50,6],[82,87],[85,71],[87,67],[35,92],[12,20],[5,96],[20,73],[98,15],[3,59],[78,93],[3,15],[31,62],[28,87],[75,94],[61,72],[98,17],[18,98],[58,45],[97,87],[98,85],[41,89],[38,98],[57,2],[73,43],[3,41],[35,17],[70,54],[76,32],[25,58],[81,10],[55,48],[62,6],[79,65],[37,67],[98,80],[32,65],[76,99],[55,89],[25,17],[23,41],[94,86],[53,28],[7,77],[28,99],[44,66],[63,15],[65,14],[42,72],[35,55],[42,70],[34,85],[7,13],[62,32],[78,65],[36,97],[57,1],[7,0],[8,92],[30,2],[47,44],[98,64],[5,35],[18,97],[8,76],[25,49],[36,21],[51,74],[65,37],[13,81],[98,0],[63,36],[64,99],[3,81],[88,44],[20,6],[43,92],[47,71],[92,46],[66,84],[69,2],[73,74],[79,60],[68,97],[68,59],[11,59],[26,45],[24,50],[82,35],[32,60],[34,72],[34,71],[40,34],[69,90],[9,64],[27,14],[79,81],[9,70],[91,64],[34,21],[61,69],[61,71],[14,46],[96,85],[47,37],[31,39],[91,19],[90,94],[40,0],[9,10],[13,36],[57,67],[4,47],[6,56],[38,73],[96,74],[31,67],[79,17],[16,98],[8,26],[81,20],[44,74],[8,34],[25,56],[40,46],[50,74],[23,15],[70,10],[82,52],[6,46],[22,49],[57,62],[57,36],[84,33],[85,37],[82,98],[60,1],[49,64],[16,58],[38,71],[47,30],[26,70],[62,54],[39,37],[11,55],[53,46],[61,28],[66,73],[8,43],[96,10],[58,64],[96,1],[82,65],[24,98],[44,98],[16,55],[16,80],[58,87],[24,46],[7,62],[42,40],[95,14],[78,88],[84,46],[63,28],[13,74],[32,87],[6,41],[9,54],[31,36],[18,25],[97,46],[78,45],[58,39],[86,15],[85,17],[7,23],[83,37],[13,23],[84,15],[45,33],[61,73],[3,99],[5,99],[59,14],[0,14],[88,89],[47,67],[79,6],[84,59],[39,41],[68,84],[23,49],[65,46],[88,80],[9,71],[23,77],[7,45],[30,43],[97,77],[66,99],[44,35],[24,37],[28,55],[38,95],[12,62],[8,54],[25,59],[38,35],[18,14],[71,33],[12,59],[0,80],[75,43],[40,21],[23,75],[75,17],[71,14],[5,16],[26,86],[93,17],[18,74],[57,54],[39,73],[49,69],[66,85],[51,1],[75,81],[68,79],[51,10],[99,52],[50,1],[22,85],[22,66],[61,78],[70,6],[44,86],[79,4],[9,79],[25,74],[51,6],[10,65],[70,46],[52,46],[31,66],[49,17],[79,43],[69,41],[30,99],[31,41],[37,89],[38,39],[21,99],[75,62],[20,41],[36,52],[24,2],[40,50],[75,32],[96,66],[12,43],[17,6],[68,36],[32,73],[26,84],[53,85],[83,55],[12,65],[18,39],[42,49],[88,54],[82,89],[91,32],[34,59],[31,4],[72,95],[96,67],[81,30],[3,19],[45,28],[86,89],[3,72],[98,72],[58,84],[8,2],[31,52],[49,55],[61,83],[18,41],[93,55],[25,86],[53,78],[26,6],[22,1],[53,60],[82,23],[96,14],[8,14],[71,86],[16,85],[13,59],[91,81],[77,80],[23,93],[62,97],[30,77],[49,32],[35,77],[13,95],[22,50],[3,75],[69,50],[39,46],[38,25],[25,94],[47,74],[34,64],[38,81],[90,73],[23,19],[13,33],[36,85],[97,72],[86,59],[65,74],[63,55],[49,95],[73,52],[71,6],[0,83],[68,76],[62,76],[82,30],[31,48],[55,86],[88,66],[90,46],[4,44],[34,88],[16,60],[80,92],[25,1],[9,4],[78,51],[24,30],[87,50],[61,15],[33,59],[23,87],[62,67],[3,28],[5,62],[75,33],[63,41],[45,86],[62,83],[47,43],[65,67],[51,58],[88,76],[12,66],[53,89],[55,54],[27,73],[82,42],[16,17],[54,59],[38,85],[8,75],[88,16],[26,97],[18,30],[91,14],[19,56],[29,48],[97,92],[26,49],[30,28],[25,97],[63,5],[88,1],[76,37],[8,56],[90,99],[81,1],[16,66],[71,2],[57,65],[4,51],[2,41],[60,94],[13,22],[69,73],[94,59],[97,65],[93,6],[25,72],[50,89],[91,80],[78,27],[71,50],[81,71],[7,60],[26,58],[18,5],[94,72],[7,80],[76,85],[89,52],[55,52],[36,69],[18,64],[36,73],[28,52],[13,30],[70,48],[36,28],[63,37],[66,54],[9,26],[79,45],[0,56],[60,71],[31,20],[11,3],[83,33],[38,6],[26,2],[97,60],[30,21],[47,36],[58,77],[62,86],[61,17],[27,15],[4,86],[63,13],[16,52],[34,15],[28,1],[82,60],[16,81],[91,84],[9,84],[72,80],[40,72],[21,56],[75,85],[51,2],[72,15],[27,92],[72,1],[41,80],[32,94],[3,64],[35,64],[20,54],[66,67],[76,97],[83,2],[71,52],[21,85],[70,37],[10,59],[26,80],[47,87],[13,12],[34,96],[4,43],[9,98],[78,69],[81,60],[51,57],[97,52],[42,77],[4,10],[34,74],[3,92],[68,60],[36,70],[93,74],[58,27],[11,50],[3,37],[0,54],[40,26],[85,74],[13,2],[29,10],[40,22],[29,59],[31,14],[19,20],[32,29],[97,54],[96,2],[12,54],[63,2],[53,3],[3,90],[8,49],[62,41],[25,45],[40,43],[44,60],[93,64],[68,25],[98,48],[24,52],[0,43],[94,37],[40,89],[85,48],[71,94],[21,97],[83,72],[5,28],[74,33],[60,89],[71,1],[9,23],[88,19],[31,2],[9,94],[7,50],[22,32],[16,10],[75,2],[75,39],[3,80],[17,46],[62,87],[19,62],[36,71],[62,66],[5,76],[34,75],[3,16],[28,50],[39,70],[96,0],[34,80],[40,7],[61,56],[13,37],[44,14],[83,86],[68,70],[93,46],[98,73],[57,95],[53,47],[78,1],[53,33],[6,33],[58,28],[7,64],[0,89],[62,56],[9,59],[30,46],[27,54],[10,85],[40,59],[50,56],[21,70],[34,5],[6,2],[63,39],[29,92],[93,87],[81,46],[62,22],[82,51],[30,90],[19,85],[82,92],[18,44],[75,74],[20,64],[18,12],[81,74],[4,98],[36,20],[98,33],[69,87],[24,27],[26,74],[39,80],[93,72],[60,90],[96,58],[42,7],[77,56],[20,86],[53,14],[65,41],[29,65],[61,96],[61,3],[45,74],[50,77],[53,10],[79,88],[61,25],[63,62],[23,98],[36,86],[5,84],[56,52],[84,87],[51,24],[95,59],[76,20],[75,1],[4,73]]
