[18,3,8]
[3,18,8]
[3,8,18]
[1,18,3]
[255,255,255]
[256]
[1,32,2,8,2,64,4,8,16,64,64,2,64,256,2,2,2,256,64,64,1,2,256,2,16,256,256,2,1,256,64,8,64,16,4,32,256,16,128,8,64,64,32,4,2,16,8,32,8,32,128,2,16,4,16,32,16,2,64,128,8,64,8,64,64,16,256,64,1,16,256,1,64,256,128,2,4,128,64,256,16,4,1,8,32,32,8,1,128,1,128,64,32,8,64,256,128,8,256,32]
[2,1,4,128,16,4,128,2,256,64,256,16,16,64,4,8,1,32,64,256,2,16,8,256,64,256,2,64,128,4,16,8,256,128,32,2,256,32,2,256,2,256,64,128,8,2,64,8,256,8,128,128,1,128,256,2,8,64,8,16,32,16,1,256,2,1,128,16,16,4,256,8,256,8,256,128,64,256,128,8,2,32,128,1,256,8,64,1,128,16,256,256,2,1,32,256,64,32,1,64]
[8,4,2,30,15] 
[1,2,3,4,5] 
[3,16,8,4,2] 
[20, 16]
[75,34,30] 
[136,256,10] 
[13,21,23,13,32] 
[174, 175, 234, 188]
[177,29,256]
[33,134,56,234]
[174,175,234,188]
[20,6,7,10,20,6,20]
[9,9,3,15,15,18,5]

