[1,1,1,2]
2
[42,43,44,95,12]
3
[20,28,29,30]
3
[99079,28223,1753,1754,1755,1756,1757,1758,1759,1760,1761,1762,1763,1764,1765,1766,1767,1768,1769,4639,4640,4641,4642,4643,4644,4645,4646,4647,4648,4649,4650,4651,4652,4653,4654,4655,4656,4657,4658,4659,4660,4661,4662,4,5,6,7,8,9,10,11,12,13,14,15,16,17,18,19,20,21,22,23,24,25,26,27,28,29,30,31,32,33,34,35,36,37,38,39,40,41,42,43,44,45,46,47,48,49,50,51,52,53,54,55,56,57,58,59,60,61,62,63,64,65,66,67,68,69,70,71,72,73,74,75,76,77,78,79,80,81,82,83,84,85,441,442,443,444,445,446,447,448,449,450,451,452,453,454,455,456,457,458,459,1950,1807,1808,1809,1810,1811,1812,1813,1814,1815,1816,1817,1818,1819,1820,1821,1822,1823,1824,1825,1826,1827,1828,1829,1830,1831,1832,1833,1834,1835,1836,1837,1838,1839,1840,1841,1842,1843,1844,1845,1846,1847,1848,1849,1850,1851,1852,1853,1854,1855,1856,1857,1858,1859,371,372,373,374,375,376,377,378,379,380,381,382,383,384,385,386,387,388,389,390,391,392,393,394,395,396,397,398,399,400,401,402,403,404,405,406,407,408,409,410,411,412,413,414,415,416,417,418,419,420,421,422,423,424,425,426,427,428,429,430,431,432,433,434,435,436,437,438,439,440,441,442,443,444,445,446,447,448,449,450,451,452,453,454,455,456,457,458,459,460,461,462,463,464,465,466,467,468,469,470,471,472,473,474,475,476,477,478,479,480,481,482,483,484,485,486,487,488,489,490,491,492,493,494,495,496,497,498,499,500,501,502,503,504,505,506,507,508,509,510,511,512,513,514,515,516,517,518,519,520,521,522,523,524,525,526,527,528,529,530,531,532,533,534,535,536,537,538,539,540,541,542,543,544,545,546,547,548,549,550,551,552,553,554,555,556,557,558,559,560,561,562,563,564,565,566,567,568,569,570,571,572,573,574,575,576,577,578,579,580,581,582,583,584,585,586,587,588,589,590,591,592,593,594,595,596,597,598,599,600,601,602,603,604,605,606,607,608,609,610,611,612,613,614,615,616,617,618,619,620,621,622,623,624,625,626,627,628,629,630,631,632,633,634,635,636,637,638,639,640,641,642,643,644,645,646,647,648,649,650,651,3264,3265,3266,3267,3268,3269,3270,3271,3272,3273,3274,3275,3276,3277,3278,3279,3795,3796,3797,2461,2462]
281
[1,2,3,4,5,6,7,8,9,10,11,12,13,14,15,16,17,18,19,20,21,22,23,24,25,26,27,28,29,30,31,32,33,34,35,36,37,38,39,40,41,42,43,44,45,46,47,48,49,50,51,52,53,54,55,56,57,58,59,60,61,62,63,64,65,66,67,68,69,70,71,72,73,74,75,76,77,78,79,80,81,82,83,84,85,86,87,88,89,90,91,92,93,94,95,96,97,98,99,100,1,2,3,4,5,6,7,8,9,10,11,12,13,14,15,16,17,18,19,20,21,22,23,24,25,26,27,28,29,30,31,32,33,34,35,36,37,38,39,40,41,42,43,44,45,46,47,48,49,50,51,52,53,54,55,56,57,58,59,60,61,62,63,64,65,66,67,68,69,70,71,72,73,74,75,76,77,78,79,80,81,82,83,84,85,86,87,88,89,90,91,92,93,94,95,96,97,98,99,100,1,2,3,4,5,6,7,8,9,10,11,12,13,14,15,16,17,18,19,20,21,22,23,24,25,26,27,28,29,30,31,32,33,34,35,36,37,38,39,40,41,42,43,44,45,46,47,48,49,50,51,52,53,54,55,56,57,58,59,60,61,62,63,64,65,66,67,68,69,70,71,72,73,74,75,76,77,78,79,80,81,82,83,84,85,86,87,88,89,90,91,92,93,94,95,96,97,98,99,100,1,2,3,4,5,6,7,8,9,10,11,12,13,14,15,16,17,18,19,20,21,22,23,24,25,26,27,28,29,30,31,32,33,34,35,36,37,38,39,40,41,42,43,44,45,46,47,48,49,50,51,52,53,54,55,56,57,58,59,60,61,62,63,64,65,66,67,68,69,70,71,72,73,74,75,76,77,78,79,80,81,82,83,84,85,86,87,88,89,90,91,92,93,94,95,96,97,98,99,100,1,2,3,4,5,6,7,8,9,10,11,12,13,14,15,16,17,18,19,20,21,22,23,24,25,26,27,28,29,30,31,32,33,34,35,36,37,38,39,40,41,42,43,44,45,46,47,48,49,50,51,52,53,54,55,56,57,58,59,60,61,62,63,64,65,66,67,68,69,70,71,72,73,74,75,76,77,78,79,80,81,82,83,84,85,86,87,88,89,90,91,92,93,94,95,96,97,98,99,100]
50
[99901,99902,99903,99904,99905,99906,99907,99908,99909,99910,99911,99912,99913,99914,99915,99916,99917,99918,99919,99920,99921,99922,99923,99924,99925,99926,99927,99928,99929,99930,99931,99932,99933,99934,99935,99936,99937,99938,99939,99940,99941,99942,99943,99944,99945,99946,99947,99948,99949,99950,99951,99952,99953,99954,99955,99956,99957,99958,99959,99960,99961,99962,99963,99964,99965,99966,99967,99968,99969,99970,99971,99972,99973,99974,99975,99976,99977,99978,99979,99980,99981,99982,99983,99984,99985,99986,99987,99988,99989,99990,99991,99992,99993,99994,99995,99996,99997,99998,99999,100000,99901,99902,99903,99904,99905,99906,99907,99908,99909,99910,99911,99912,99913,99914,99915,99916,99917,99918,99919,99920,99921,99922,99923,99924,99925,99926,99927,99928,99929,99930,99931,99932,99933,99934,99935,99936,99937,99938,99939,99940,99941,99942,99943,99944,99945,99946,99947,99948,99949,99950,99951,99952,99953,99954,99955,99956,99957,99958,99959,99960,99961,99962,99963,99964,99965,99966,99967,99968,99969,99970,99971,99972,99973,99974,99975,99976,99977,99978,99979,99980,99981,99982,99983,99984,99985,99986,99987,99988,99989,99990,99991,99992,99993,99994,99995,99996,99997,99998,99999,100000,99901,99902,99903,99904,99905,99906,99907,99908,99909,99910,99911,99912,99913,99914,99915,99916,99917,99918,99919,99920,99921,99922,99923,99924,99925,99926,99927,99928,99929,99930,99931,99932,99933,99934,99935,99936,99937,99938,99939,99940,99941,99942,99943,99944,99945,99946,99947,99948,99949,99950,99951,99952,99953,99954,99955,99956,99957,99958,99959,99960,99961,99962,99963,99964,99965,99966,99967,99968,99969,99970,99971,99972,99973,99974,99975,99976,99977,99978,99979,99980,99981,99982,99983,99984,99985,99986,99987,99988,99989,99990,99991,99992,99993,99994,99995,99996,99997,99998,99999,100000,99901,99902,99903,99904,99905,99906,99907,99908,99909,99910,99911,99912,99913,99914,99915,99916,99917,99918,99919,99920,99921,99922,99923,99924,99925,99926,99927,99928,99929,99930,99931,99932,99933,99934,99935,99936,99937,99938,99939,99940,99941,99942,99943,99944,99945,99946,99947,99948,99949,99950,99951,99952,99953,99954,99955,99956,99957,99958,99959,99960,99961,99962,99963,99964,99965,99966,99967,99968,99969,99970,99971,99972,99973,99974,99975,99976,99977,99978,99979,99980,99981,99982,99983,99984,99985,99986,99987,99988,99989,99990,99991,99992,99993,99994,99995,99996,99997,99998,99999,100000,99901,99902,99903,99904,99905,99906,99907,99908,99909,99910,99911,99912,99913,99914,99915,99916,99917,99918,99919,99920,99921,99922,99923,99924,99925,99926,99927,99928,99929,99930,99931,99932,99933,99934,99935,99936,99937,99938,99939,99940,99941,99942,99943,99944,99945,99946,99947,99948,99949,99950,99951,99952,99953,99954,99955,99956,99957,99958,99959,99960,99961,99962,99963,99964,99965,99966,99967,99968,99969,99970,99971,99972,99973,99974,99975,99976,99977,99978,99979,99980,99981,99982,99983,99984,99985,99986,99987,99988,99989,99990,99991,99992,99993,99994,99995,99996,99997,99998,99999,100000]
50
[2,2,2,2,2]
4
[2,12,13,14,2]
3
