[100]
[1,1,2,3,3,3,3,3,4,4,4,5,5,5,7,8,8,9,10,10,10,10,10,11,11,12,12,13,13,13,14,14,14,14,14,15,15,15,17,17,17,19,19,20,20,20,20,22,22,23,24,24,24,25,25,25,26,26,26,26,27,28,29,29,29,29,29,30,31,32,32,33,34,34,34,35,36,36,36,37,38,38,38,39,39,40,40,41,41,43,43,43,43,44,44,45,47,47,49,100]
[51,51,52,53,53,53,54,54,55,55,57,58,58,58,58,59,59,59,61,62,62,62,63,63,64,65,66,66,67,67,68,68,68,69,70,70,70,70,70,71,71,72,72,72,72,72,73,73,74,76,77,78,78,78,78,78,78,78,79,82,82,83,84,84,85,85,85,85,86,87,87,88,89,89,89,89,91,93,94,94,94,94,94,95,95,95,95,96,96,97,97,97,97,98,98,99,99,99,100,100]
[100]
[19,19,21,29,29,31,39,39,41,49,49,51,59,59,61,69,69,71,79,79,81,100]
[19,24,25,29,34,35,39,44,45,49,54,55,59,64,65,69,74,75,79,84,85,89,94,95,100]
[15,15,17,25,25,27,35,35,37,45,45,47,55,55,57,65,65,67,75,75,77]
[20,21,30,31,40,41,50,51,60,61,70,71,80,81,90,91]
[77,77,77,77,77,77,77,77,77,77,77,77,77,77,77,77,77,77,77,77,77,77,77,77,77,77,77,77,77,77,77,77,77,77,77,77,77,77,77,77,77,77,77,77,77,77,77,77,77,77,77,77,77,77,77,77,77,77,77,77,77,77,77,77,77,77,77,77,77,77,77,77,77,77,77,77,77,77,77,77,77,77,77,77,77,77,77,77,77,77,77,77,77,77,77,100,100]
[68,68,68,68,68,68,68,68,68,68,68,68,68,68,68,68,68,68,68,68,68,68,68,68,68,68,68,68,68,68,68,68,68,68,68,68,68,68,68,68,68,68,68,68,68,68,68,68,68,68,68,68,68,68,68,68,68,68,68,68,68,68,68,68,68,68,68,68,68,68,68,68,68,68,68,68,68,68,68,68,68,68,68,68,68,68,68,68,68,68,68,68,68,68,68,100,100]
[48,48,48,48,48,48,48,48,48,48,48,48,48,48,48,48,48,48,48,48,48,48,48,48,48,48,48,48,48,48,48,48,48,48,48,48,48,48,48,48,48,48,48,48,48,48,48,48,48,48,48,48,48,48,48,48,48,48,48,48,48,48,48,48,48,48,48,48,48,48,48,48,48,48,48,48,48,48,48,48,48,48,48,48,48,48,48,48,48,48,48,48,48,48,48]
[15,15,15,15,15,15,15,15,15,15,15,15,15,15,15,15,15,15,15,15,15,15,15,15,15,15,15,15,15,15,15,15,15,15,15,15,15,15,15,15,15,15,15,15,15,15,15,15,15,15,15,15,15,15,15,15,15,15,15,15,15,15,15,15,15,15,15,15,15,15,15,15,15,15,15,15,15,15,15,15,15,15,15,15,15,15,15,15,15,15,15,15,15,15,15]
[119,152,287,249,257,222,183,162,170,209,229,195,142,259,173,208,293,194,127,114,190,170,119,287,280,291,252,141,120,260,260,100,127,273,250,111,284,253,209,129,174,116,182,295,108,197,266,174,141,193,194,197,183,281,190,127,223,287,268,141,113,151,222,124,225,299,231,268,289,180,238,102,287,270,106,191,239,105,289,101,115,126,178,220,131,159,128,223,263,279,138,142,174,135,136,187,122,246,283,219,173,256,175,105,201,144,128,122,203,198,121,150,265,180,220,215,118,134,119,257,296,277,151,119,185,182,163,194,136,196,170,114,210,278,212,255,174,187,191,106,105,209,105,286,157,248,274,177,225,262,126,289,205,120,227,228,184,108,195,226,127,170,121,268,274,238,222,146,237,162,208,210,260,154,118,157,279,298,125,207,148,222,111,158,187,127,119,270,235,288,141,238,125,151,242,189,109,211,100,275,127,190,274,280,225,105,261,123,140,263,229,105,286,259,154,184,272,168,237,227,173,127,227,260,170,250,213,230,288,274,108,253,279,101,132,270,100,183,234,224,138,238,133,216,227,221,143,242,116,149,267,284,286,210,252,170,292,188,155,296,179,101,107,120,281,229,202,105,191,211,123,120,214,200,135,225,206,142,275,246,224,246,266,194,108,100,102,287,111,185,219,203,143,172,199,155,235,221,196,191,146,269,262,289,167,108,226,153,220,141,110,130,196,146,181,274,211,226,131,296,140,172,237,294,239,179,192,258,199,148,200,237,235,248,268,234,246,214,144,107,265,163,140,228,220,197,188,189,234,181,120,151,162,298,216,144,225,288,155,236,223,276,238,153,292,106,253,137,268,121,121,118,208,208,201,146,299,255,279,228,294,141,146,296,100,268,292,144,164,107,162,106,158,133,146,298,168,278,299,136,103,224,159,181,109,209,155,136,237,248,266,294,295,216,283,230,220,235,227,287,154,244,200,272,262,279,130,237,201,253,234,136,115,297,117,114,110,277,200,207,219,149,139,290,224,282,169,210,297,190,250,289,196,281,289,261,288,104,139,189,207,207,121,158,104,190,117,226,292,251,215,193,266,142,134,296,273,284,221,108,247,244,286,139,244,187,212,181,249,227,263,140,236,198,277,130,111,291,101,227,165,207,178,104,291,101,170,200,148,236,197,203,280,172,239,173,112,232,250,268,223,251,276,115,187,166,252,137,167,156,279,183,259,175,260,236,218,138,281,104,275,257,205,239,126,231,204,184,221,102,103,232,205,192,139,214,219,127,142,134,155,240,230,138,189,226,186,263,253,287,118,135,115,225,166,280,272,102,295,286,176,269,275,197,174,264,263,122,298,276,128,161,271,135,251,273,215,145,170,101,174,232,111,134,113,208,228,202,250,234,187,268,159,150,220,290,238,116,241,242,159,255,128,162,283,160,115,117,101,112,109,279,262,249,142,106,240,188,246,163,197,176,124,285,177,161,280,121,261,142,160,271,113,100,240,117,173,103,239,141,174,183,282,257,105,133,279,104,188,262,142,206,149,138,222,131,165,153,233,228,143,130,140,224,247,107,239,161,268,155,250,255,246,115,283,106,148,127,192,159,165,114,295,109,247,114,239,218,115,228,238,270,112,168,282,261,160,269,265,232,237,118,210,130,187,293,285,123,114,159,211,296,229,219,232,165,181,290,200,284,223,202,155,182,158,215,239,103,216,115,231,277,191,133,163,140,256,161,197,162,242,142,283,223,289,135,241,122,211,120,271,131,252,230,227,253,251,185,211,233,266,142,208,203,247,179,183,114,150,212,193,144,219,133,173,116,251,245,167,243,116,243,231,123,284,189,250,170,267,150,146,218,140,112,133,265,154,169,294,247,246,211,182,110,297,112,145,210,136,194,240,189,228,239,289,120,226,132,113,125,156,152,163,186,117,181,269,130,131,111,212,278,245,163,143,197,226,220,228,132,234,231,190,224,282,105,248,209,227,135,108,128,100,280,147,202,186,238,107,280,136,217,109,151,294,165,127,216,172,122,145,104,210,246,103,204,154,212,245,289,213,271,260,276,224,114,104,222,297,198,292,286,187,163,170,188,244,202,288,108,200,208,286,108,201,144,152,221,299,160,204,279,203,186,253,273,284,115,198,234,115,170,180,224,112,204,155,171,137,153,189,280,272,226,261,254,295,183,276,262,215,170,115,248,145,197,172,137,223,183,124,129,219,168,237,270,215,222,168,220,142,100,103,191,238,149,138,251,229,287,263,173,291,283,281,261,241,213,237]
[119,363,287,390,257,304,183,381,170,439,229,480,142,462,173,319,293,488,127,305,190,467,119,468,280,394,252,341,120,445,260,319,127,350,250,348,284,480,209,428,174,370,182,350,108,363,266,435,141,408,194,413,183,435,190,316,223,429,268,474,113,324,222,467,225,461,231,351,289,450,238,319,287,411,106,318,239,379,289,462,115,464,178,351,131,482,128,432,263,333,138,324,174,356,136,396,122,422,283,342,173,396,175,303,201,372,128,475,203,484,121,453,265,425,220,425,118,375,119,440,296,394,151,393,185,489,163,441,136,360,170,344,210,405,212,481,174,336,191,344,105,319,105,451,157,318,274,459,225,324,126,412,205,467,227,492,184,320,195,312,127,444,121,481,274,430,222,308,237,319,208,324,260,378,118,388,279,454,125,461,148,319,111,428,187,433,119,485,235,406,141,452,125,389,242,398,109,352,100,378,127,435,274,315,225,460,261,386,140,473,229,443,286,303,154,319,272,303,237,383,173,461,227,365,170,465,213,414,288,467,108,431,279,445,132,420,100,475,234,408,138,385,133,371,227,468,143,391,116,481,267,390,286,446,252,375,292,310,155,309,179,353,107,470,281,455,202,364,191,307,123,303,214,318,135,446,206,489,275,408,224,314,266,383,108,308,102,357,111,398,219,374,143,402,199,318,235,491,196,341,146,307,262,461,167,405,226,432,220,356,110,388,196,491,181,366,211,435,131,479,140,497,237,360,239,460,192,343,199,307,200,462,235,379,268,329,246,343,144,328,265,489,140,402,220,434,188,373,234,386,120,402,162,376,216,310,225,360,155,353,223,308,238,405,292,436,253,404,268,365,121,427,208,323,201,435,299,449,279,383,294,421,146,475,100,309,292,316,164,357,162,302,158,438,146,416,168,414,299,496,103,452,159,433,109,307,155,468,237,419,266,392,295,319,283,416,220,323,227,316,154,395,200,383,262,412,130,313,201,305,234,314,115,310,117,433,110,384,200,402,219,406,139,312,224,358,169,305,297,475,250,339,196,464,289,357,288,364,139,323,207,336,121,399,104,410,117,450,292,311,215,489,266,355,134,460,273,378,221,353,247,317,286,480,244,440,212,493,249,320,263,423,236,320,277,450,111,377,101,380,165,356,178,389,291,314,170,424,148,381,197,302,280,442,239,493,112,360,250,412,223,428,276,334,187,378,252,496,167,441,279,353,259,412,260,456,218,440,281,384,275,455,205,425,126,476,204,419,221,468,103,304,205,448,139,354,219,311,142,310,155,411,230,467,189,383,186,466,253,404,118,350,115,383,166,443,272,490,295,385,176,308,275,376,174,338,263,311,298,469,128,322,271,452,251,487,215,412,170,313,174,323,111,366,113,441,228,437,250,468,187,382,159,318,220,383,238,362,241,458,159,471,128,470,283,331,115,474,101,330,109,444,262,402,142,427,240,429,246,305,197,398,124,428,177,309,280,479,261,339,160,369,113,452,240,365,173,376,239,355,174,378,282,321,105,389,279,498,188,399,142,389,149,455,222,455,165,437,233,341,143,437,140,329,247,369,239,317,268,416,250,310,246,315,283,331,148,345,192,360,165,450,295,319,247,419,239,331,115,455,238,305,112,404,282,440,160,420,265,480,237,386,210,366,187,441,285,456,114,449,211,342,229,415,232,360,181,477,200,497,223,416,155,500,158,488,239,383,216,442,231,324,191,460,163,373,256,316,197,398,242,395,283,364,289,374,241,402,211,482,271,310,252,362,227,487,251,321,211,434,266,456,208,390,247,426,183,304,150,474,193,321,219,391,173,412,251,460,167,310,116,485,231,436,284,452,250,359,267,443,146,397,140,462,133,418,154,363,294,383,246,406,182,308,297,417,145,493,136,324,240,316,228,406,289,354,226,489,113,394,156,374,163,488,117,303,269,488,131,342,212,362,245,391,143,401,226,427,228,432,234,459,190,420,282,429,248,372,227,467,108,423,100,334,147,436,186,309,107,318,136,397,109,352,294,379,127,377,172,376,145,311,210,459,103,410,154,471,245,331,213,303,260,364,224,444,104,496,297,440,292,410,187,352,170,355,244,397,288,311,200,408,286,485,201,446,152,375,299,374,204,371,203,414,253,454,284,317,198,383,115,394,180,452,112,343,155,423,137,368,189,472,272,312,261,362,295,489,276,429,215,327,115,304,145,337,172,422,223,384,124,482,219,457,237,485,215,467,168,433,142,415,103,434,238,322,138,458,229,406,263,484,291,367,281,359,241,451,237,411]
[0,1,2,3,4,5,6,7,8,9,10,11,12,13,14,15,16,17,18,19,20,21,22,23,24,25,26,27,28,29,30,31,32,33,34,35,36,37,38,39,40,41,42,43,44,45,46,47,48,49,50,51,52,53,54,55,56,57,58,59,60,61,62,63,64,65,66,67,68,69,70,71,72,73,74,75,76,77,78,79,80,81,82,83,84,85,86,87,88,89,90,91,92,93,94,95,96,97,98,99,100,101,102,103,104,105,106,107,108,109,110,111,112,113,114,115,116,117,118,119,120,121,122,123,124,125,126,127,128,129,130,131,132,133,134,135,136,137,138,139,140,141,142,143,144,145,146,147,148,149,150,151,152,153,154,155,156,157,158,159,160,161,162,163,164,165,166,167,168,169,170,171,172,173,174,175,176,177,178,179,180,181,182,183,184,185,186,187,188,189,190,191,192,193,194,195,196,197,198,199,200,201,202,203,204,205,206,207,208,209,210,211,212,213,214,215,216,217,218,219,220,221,222,223,224,225,226,227,228,229,230,231,232,233,234,235,236,237,238,239,240,241,242,243,244,245,246,247,248,249,250,251,252,253,254,255,256,257,258,259,260,261,262,263,264,265,266,267,268,269,270,271,272,273,274,275,276,277,278,279,280,281,282,283,284,285,286,287,288,289,290,291,292,293,294,295,296,297,298,299,300,301,302,303,304,305,306,307,308,309,310,311,312,313,314,315,316,317,318,319,320,321,322,323,324,325,326,327,328,329,330,331,332,333,334,335,336,337,338,339,340,341,342,343,344,345,346,347,348,349,350,351,352,353,354,355,356,357,358,359,360,361,362,363,364,365,366,367,368,369,370,371,372,373,374,375,376,377,378,379,380,381,382,383,384,385,386,387,388,389,390,391,392,393,394,395,396,397,398,399,400,401,402,403,404,405,406,407,408,409,410,411,412,413,414,415,416,417,418,419,420,421,422,423,424,425,426,427,428,429,430,431,432,433,434,435,436,437,438,439,440,441,442,443,444,445,446,447,448,449,450,451,452,453,454,455,456,457,458,459,460,461,462,463,464,465,466,467,468,469,470,471,472,473,474,475,476,477,478,479,480,481,482,483,484,485,486,487,488,489,490,491,492,493,494,495,496,497,498,499,500,501,502,503,504,505,506,507,508,509,510,511,512,513,514,515,516,517,518,519,520,521,522,523,524,525,526,527,528,529,530,531,532,533,534,535,536,537,538,539,540,541,542,543,544,545,546,547,548,549,550,551,552,553,554,555,556,557,558,559,560,561,562,563,564,565,566,567,568,569,570,571,572,573,574,575,576,577,578,579,580,581,582,583,584,585,586,587,588,589,590,591,592,593,594,595,596,597,598,599,600,601,602,603,604,605,606,607,608,609,610,611,612,613,614,615,616,617,618,619,620,621,622,623,624,625,626,627,628,629,630,631,632,633,634,635,636,637,638,639,640,641,642,643,644,645,646,647,648,649,650,651,652,653,654,655,656,657,658,659,660,661,662,663,664,665,666,667,668,669,670,671,672,673,674,675,676,677,678,679,680,681,682,683,684,685,686,687,688,689,690,691,692,693,694,695,696,697,698,699,700,701,702,703,704,705,706,707,708,709,710,711,712,713,714,715,716,717,718,719,720,721,722,723,724,725,726,727,728,729,730,731,732,733,734,735,736,737,738,739,740,741,742,743,744,745,746,747,748,749,750,751,752,753,754,755,756,757,758,759,760,761,762,763,764,765,766,767,768,769,770,771,772,773,774,775,776,777,778,779,780,781,782,783,784,785,786,787,788,789,790,791,792,793,794,795,796,797,798,799,800,801,802,803,804,805,806,807,808,809,810,811,812,813,814,815,816,817,818,819,820,821,822,823,824,825,826,827,828,829,830,831,832,833,834,835,836,837,838,839,840,841,842,843,844,845,846,847,848,849,850,851,852,853,854,855,856,857,858,859,860,861,862,863,864,865,866,867,868,869,870,871,872,873,874,875,876,877,878,879,880,881,882,883,884,885,886,887,888,889,890,891,892,893,894,895,896,897,898,899,900,901,902,903,904,905,906,907,908,909,910,911,912,913,914,915,916,917,918,919,920,921,922,923,924,925,926,927,928,929,930,931,932,933,934,935,936,937,938,939,940,941,942,943,944,945,946,947,948,949,950,951,952,953,954,955,956,957,958,959,960,961,962,963,964,965,966,967,968,969,970,971,972,973,974,975,976,977,978,979,980,981,982,983,984,985,986,987,988,989,990,991,992,993,994,995,996,997,998,999]
[1000,999,998,997,996,995,994,993,992,991,990,989,988,987,986,985,984,983,982,981,980,979,978,977,976,975,974,973,972,971,970,969,968,967,966,965,964,963,962,961,960,959,958,957,956,955,954,953,952,951,950,949,948,947,946,945,944,943,942,941,940,939,938,937,936,935,934,933,932,931,930,929,928,927,926,925,924,923,922,921,920,919,918,917,916,915,914,913,912,911,910,909,908,907,906,905,904,903,902,901,900,899,898,897,896,895,894,893,892,891,890,889,888,887,886,885,884,883,882,881,880,879,878,877,876,875,874,873,872,871,870,869,868,867,866,865,864,863,862,861,860,859,858,857,856,855,854,853,852,851,850,849,848,847,846,845,844,843,842,841,840,839,838,837,836,835,834,833,832,831,830,829,828,827,826,825,824,823,822,821,820,819,818,817,816,815,814,813,812,811,810,809,808,807,806,805,804,803,802,801,800,799,798,797,796,795,794,793,792,791,790,789,788,787,786,785,784,783,782,781,780,779,778,777,776,775,774,773,772,771,770,769,768,767,766,765,764,763,762,761,760,759,758,757,756,755,754,753,752,751,750,749,748,747,746,745,744,743,742,741,740,739,738,737,736,735,734,733,732,731,730,729,728,727,726,725,724,723,722,721,720,719,718,717,716,715,714,713,712,711,710,709,708,707,706,705,704,703,702,701,700,699,698,697,696,695,694,693,692,691,690,689,688,687,686,685,684,683,682,681,680,679,678,677,676,675,674,673,672,671,670,669,668,667,666,665,664,663,662,661,660,659,658,657,656,655,654,653,652,651,650,649,648,647,646,645,644,643,642,641,640,639,638,637,636,635,634,633,632,631,630,629,628,627,626,625,624,623,622,621,620,619,618,617,616,615,614,613,612,611,610,609,608,607,606,605,604,603,602,601,600,599,598,597,596,595,594,593,592,591,590,589,588,587,586,585,584,583,582,581,580,579,578,577,576,575,574,573,572,571,570,569,568,567,566,565,564,563,562,561,560,559,558,557,556,555,554,553,552,551,550,549,548,547,546,545,544,543,542,541,540,539,538,537,536,535,534,533,532,531,530,529,528,527,526,525,524,523,522,521,520,519,518,517,516,515,514,513,512,511,510,509,508,507,506,505,504,503,502,501,500,499,498,497,496,495,494,493,492,491,490,489,488,487,486,485,484,483,482,481,480,479,478,477,476,475,474,473,472,471,470,469,468,467,466,465,464,463,462,461,460,459,458,457,456,455,454,453,452,451,450,449,448,447,446,445,444,443,442,441,440,439,438,437,436,435,434,433,432,431,430,429,428,427,426,425,424,423,422,421,420,419,418,417,416,415,414,413,412,411,410,409,408,407,406,405,404,403,402,401,400,399,398,397,396,395,394,393,392,391,390,389,388,387,386,385,384,383,382,381,380,379,378,377,376,375,374,373,372,371,370,369,368,367,366,365,364,363,362,361,360,359,358,357,356,355,354,353,352,351,350,349,348,347,346,345,344,343,342,341,340,339,338,337,336,335,334,333,332,331,330,329,328,327,326,325,324,323,322,321,320,319,318,317,316,315,314,313,312,311,310,309,308,307,306,305,304,303,302,301,300,299,298,297,296,295,294,293,292,291,290,289,288,287,286,285,284,283,282,281,280,279,278,277,276,275,274,273,272,271,270,269,268,267,266,265,264,263,262,261,260,259,258,257,256,255,254,253,252,251,250,249,248,247,246,245,244,243,242,241,240,239,238,237,236,235,234,233,232,231,230,229,228,227,226,225,224,223,222,221,220,219,218,217,216,215,214,213,212,211,210,209,208,207,206,205,204,203,202,201,200,199,198,197,196,195,194,193,192,191,190,189,188,187,186,185,184,183,182,181,180,179,178,177,176,175,174,173,172,171,170,169,168,167,166,165,164,163,162,161,160,159,158,157,156,155,154,153,152,151,150,149,148,147,146,145,144,143,142,141,140,139,138,137,136,135,134,133,132,131,130,129,128,127,126,125,124,123,122,121,120,119,118,117,116,115,114,113,112,111,110,109,108,107,106,105,104,103,102,101,100,99,98,97,96,95,94,93,92,91,90,89,88,87,86,85,84,83,82,81,80,79,78,77,76,75,74,73,72,71,70,69,68,67,66,65,64,63,62,61,60,59,58,57,56,55,54,53,52,51,50,49,48,47,46,45,44,43,42,41,40,39,38,37,36,35,34,33,32,31,30,29,28,27,26,25,24,23,22,21,20,19,18,17,16,15,14,13,12,11,10,9,8,7,6,5,4,3,2,1]