[[1,5],[6,8]]
[5,6]
[[1,5],[6,8]]
[[1,8]]
[[1,3],[6,9]]
[2,5]  
[[1,2],[3,5],[6,7],[8,10],[12,16]] 
[4,8]  
[[1,5],[6,8]]
[5,6]
[]
[5,7]
[[1,5]]
[2,7]
[[1,5]]
[6,8]
[[1,5]]
[0,3]
[[1,5]]
[0,0]
[[2,4],[5,7],[8,10],[11,13]]
[3,6]
[[0,0],[2,4],[9,9]]
[0,7]
[[0,10],[14,14],[15,20]]
[11,11]
[[1,2],[5,6]]
[2,5]
[[1,2],[5,6]]
[2,10]
[[1,3],[4,4],[5,5]]
[3,3]
[[1,2],[3,5],[6,7],[8,10],[12,16]]
[4,8]
[]
[5,7][]
[2,5]
[[3,5],[8,10]]
[1,2]
[[1,3],[6,9]]
[11,12]
[[1,3],[6,9]]
[2,5]
[[1,2],[3,5],[8,10]]
[2,9]
[[1,3],[6,9]]
[2,7]
[[1,3],[6,9]]
[4,7]
[[1,3],[6,9]]
[3,6]
