2
[[1,0,4477]]
1
0
0
3
[[0,2,8664],[2,0,4767]]
2
0
2
4
[]
3
0
3
6
[[0,2,8166],[0,5,5403],[1,2,6220],[1,3,779],[1,4,2948],[1,5,8201],[2,0,3571],[3,1,3054],[3,2,2749],[3,4,6029],[3,5,2990],[4,2,8410],[5,0,7111],[5,1,6733],[5,2,2011]]
5
0
4
7
[[0,1,3850],[0,2,6921],[0,5,8007],[0,6,9670],[1,5,104],[1,6,2983],[2,4,4804],[2,5,4594],[3,0,967],[3,4,398],[3,6,1260],[4,0,964],[4,2,6726],[4,3,4627],[4,6,8681],[5,0,9118],[5,1,6698],[6,0,5548],[6,1,1273],[6,2,3159],[6,5,8865]]
6
0
6
13
[[0,2,77],[0,5,43],[0,11,4],[0,12,54],[1,8,91],[2,3,12],[2,5,49],[2,6,67],[2,7,38],[2,11,100],[2,12,38],[3,7,88],[3,9,98],[3,11,76],[3,12,23],[4,0,91],[4,3,54],[4,6,13],[5,3,67],[5,6,34],[5,7,58],[5,8,95],[5,12,8],[6,2,8],[6,3,88],[6,9,53],[6,12,36],[7,0,17],[7,2,68],[7,4,90],[7,6,39],[7,9,94],[7,10,7],[8,4,32],[8,5,80],[8,6,79],[8,7,92],[8,10,61],[9,0,1],[9,4,37],[9,7,62],[9,10,76],[9,12,20],[10,0,60],[10,5,38],[11,0,13],[11,2,52],[11,6,79],[11,7,64],[11,8,50],[11,10,91],[11,12,74],[12,0,26],[12,2,100],[12,4,38],[12,6,78],[12,8,50],[12,10,52]]
10
1
10
99
[[0,1,7057],[0,2,2664],[0,3,6942],[0,10,3629],[0,17,3348],[0,21,9800],[0,35,3141],[0,37,7348],[0,56,4223],[0,57,6304],[0,61,9248],[0,81,8850],[0,87,4549],[0,93,8972],[1,9,2252],[1,13,6209],[1,16,3976],[1,18,3767],[1,20,5097],[1,25,1406],[1,37,8094],[1,42,7280],[1,76,4042],[1,79,188],[2,6,8637],[2,7,8963],[2,21,3304],[2,26,5651],[2,27,1427],[2,43,1010],[2,51,6415],[2,52,5498],[2,58,6497],[2,78,9949],[2,88,4470],[3,8,4383],[3,34,1506],[3,45,7859],[3,96,730],[4,6,8634],[4,14,4062],[4,17,2432],[4,19,5680],[4,27,710],[4,34,3719],[4,44,5867],[4,54,6042],[4,64,5540],[4,67,4008],[4,69,263],[4,71,1099],[4,84,9701],[4,86,6874],[4,88,84],[4,90,8034],[4,93,3153],[5,29,5567],[5,34,9876],[5,36,5596],[5,49,1092],[5,61,4694],[5,74,4329],[5,90,2023],[6,0,72],[6,5,7904],[6,20,7411],[6,24,3150],[6,40,3034],[6,48,3682],[6,52,2971],[6,77,3111],[6,95,7530],[7,28,8448],[7,48,1922],[7,63,5498],[7,71,6076],[7,80,4513],[7,81,9171],[7,92,9345],[8,25,1158],[8,52,1392],[8,65,2828],[8,68,4940],[8,80,9338],[8,82,523],[8,97,2160],[9,10,6989],[9,14,9951],[9,22,3558],[9,30,563],[9,43,4606],[9,48,6711],[9,56,6832],[9,67,5341],[9,77,6325],[10,2,2918],[10,4,5391],[10,16,5112],[10,17,1951],[10,24,2003],[10,33,4387],[10,41,4640],[10,77,6598],[10,79,4489],[11,26,6908],[11,36,7429],[11,55,4070],[11,56,4897],[11,62,7343],[11,67,4510],[11,71,3260],[11,74,7622],[11,81,5616],[11,86,876],[11,95,129],[12,10,1158],[12,32,6962],[12,36,5422],[12,65,2477],[12,73,6332],[13,17,686],[13,24,9049],[13,27,5607],[13,35,318],[13,36,7723],[13,61,9191],[13,73,9598],[13,74,5121],[13,76,2935],[13,78,4187],[14,33,3080],[14,39,5992],[14,60,2212],[14,68,1458],[15,0,5742],[15,5,6674],[15,24,2195],[15,39,8538],[15,42,6738],[15,45,9887],[15,49,2505],[15,50,9680],[15,67,2818],[15,68,8736],[15,81,7066],[15,82,1444],[16,12,7134],[16,28,2359],[16,31,4087],[16,32,2253],[16,41,6674],[16,51,4700],[16,52,6972],[16,67,4997],[16,77,4705],[16,88,6187],[16,97,9789],[17,5,1550],[17,30,6040],[17,41,2781],[17,44,1791],[17,60,6424],[17,62,7099],[17,64,9624],[17,73,8239],[17,76,2800],[17,85,7322],[17,87,9844],[17,95,6394],[18,3,3195],[18,4,5147],[18,16,2620],[18,25,8923],[18,67,2934],[18,72,6687],[18,88,1956],[18,90,2922],[19,10,7535],[19,17,5310],[19,20,6225],[19,27,6973],[19,42,4154],[19,44,1113],[19,85,7708],[20,2,7111],[20,8,5078],[20,37,1103],[20,45,5626],[20,49,5865],[20,51,7673],[20,78,5462],[20,81,6005],[21,7,8029],[21,10,44],[21,13,9697],[21,25,2493],[21,37,3274],[21,38,9593],[21,74,6158],[21,84,1218],[21,98,8653],[22,10,523],[22,11,7559],[22,19,4558],[22,28,6962],[22,31,8915],[22,33,2611],[22,39,9738],[22,43,6015],[22,50,7142],[22,51,8428],[22,79,8084],[22,84,8153],[22,97,8342],[23,6,8667],[23,17,8083],[23,27,7265],[23,45,3697],[23,47,2587],[23,53,3335],[23,68,8560],[23,70,7349],[23,81,9485],[23,96,4085],[24,14,5108],[24,33,8751],[24,48,4918],[24,49,4003],[24,55,7290],[24,58,8431],[24,68,7333],[24,77,3528],[24,82,9631],[24,92,5045],[25,7,4170],[25,14,5416],[25,17,8059],[25,28,9779],[25,38,8683],[25,41,1839],[25,51,8778],[25,57,3864],[25,64,8594],[25,75,889],[25,93,2187],[26,1,3550],[26,27,2246],[26,35,3481],[26,45,2209],[26,48,3255],[26,56,6288],[26,59,6502],[26,62,3504],[26,72,5977],[26,74,2990],[26,78,8140],[26,80,7016],[26,81,6021],[27,0,4152],[27,13,5441],[27,21,1401],[27,34,1043],[27,45,9673],[27,48,6304],[27,51,7047],[27,64,5453],[27,72,4118],[27,92,5626],[27,94,2691],[28,0,8262],[28,9,282],[28,45,3092],[28,80,7224],[28,97,6514],[29,10,5687],[29,24,1492],[29,32,1614],[29,41,389],[29,66,3848],[29,76,6281],[29,81,5808],[29,82,7853],[29,84,4773],[30,0,3255],[30,7,8462],[30,17,1458],[30,18,3176],[30,20,3096],[30,39,1321],[30,42,3474],[30,59,8225],[30,70,7628],[30,75,5375],[30,97,5712],[31,9,4938],[31,23,579],[31,29,467],[31,37,9888],[31,52,7246],[31,61,6045],[31,65,4339],[31,79,1174],[31,89,8588],[31,96,3142],[32,7,5539],[32,9,5621],[32,29,4387],[32,37,2315],[32,42,9250],[32,54,8615],[32,56,4647],[32,62,9387],[32,72,8257],[32,83,6156],[32,84,9057],[32,86,5922],[33,14,997],[33,21,634],[33,36,3353],[33,43,1764],[33,49,6798],[33,53,2802],[33,57,5336],[33,68,8101],[33,74,6310],[33,76,1914],[33,97,9944],[34,1,3254],[34,6,3856],[34,8,9603],[34,14,1654],[34,33,9230],[34,50,6423],[34,51,850],[34,63,8313],[34,79,6750],[34,92,4490],[35,7,9274],[35,14,5135],[35,26,9558],[35,33,4983],[35,41,404],[35,44,5594],[35,50,2154],[35,51,6164],[35,54,7989],[35,73,6918],[35,74,3461],[35,82,1318],[35,97,1353],[36,20,35],[36,29,1355],[36,41,4457],[36,61,5395],[36,67,8184],[36,70,3005],[36,75,756],[36,89,4006],[36,97,5532],[37,7,4158],[37,14,8024],[37,20,5341],[37,78,652],[37,83,5730],[38,6,4870],[38,25,1471],[38,30,6002],[38,31,8362],[38,56,4282],[38,78,543],[38,87,3049],[38,93,9717],[38,94,2150],[39,4,5867],[39,7,9880],[39,22,132],[39,29,3903],[39,33,5091],[39,43,5333],[39,49,6915],[39,53,6673],[39,61,4193],[39,65,2364],[39,89,6015],[39,98,4470],[40,4,3646],[40,5,2227],[40,8,8624],[40,12,6944],[40,15,1901],[40,17,2577],[40,20,6037],[40,23,9623],[40,27,6645],[40,45,868],[40,56,3441],[40,60,1114],[40,63,7767],[40,88,9341],[40,93,1083],[41,7,6291],[41,27,9597],[41,31,7263],[41,52,284],[41,73,2490],[41,78,7573],[41,84,3391],[42,10,5572],[42,14,2302],[42,17,9040],[42,28,7344],[42,37,3603],[42,39,9137],[42,45,1537],[42,51,9659],[42,63,4174],[42,70,5408],[42,79,2768],[42,83,1141],[42,86,8232],[43,20,7420],[43,33,3859],[43,45,6650],[43,59,6680],[43,60,1434],[43,63,7562],[43,68,9916],[43,84,8061],[43,96,2676],[44,0,5099],[44,8,5128],[44,28,2037],[44,45,3590],[44,52,5864],[44,63,5624],[44,72,3968],[44,79,8463],[44,85,7856],[44,88,3226],[45,8,2352],[45,19,5388],[45,33,9339],[45,46,6341],[45,49,6222],[45,63,1331],[46,3,4243],[46,6,1377],[46,18,2314],[46,23,3568],[46,26,8426],[46,40,9385],[46,41,3395],[46,44,513],[46,47,5869],[46,53,6756],[46,56,6847],[46,57,800],[46,65,3815],[46,66,5044],[46,68,9217],[46,72,4100],[46,92,7577],[46,94,6223],[47,6,7503],[47,9,2464],[47,15,5208],[47,18,219],[47,22,2428],[47,46,3274],[47,52,7087],[47,78,3297],[48,2,6908],[48,7,2834],[48,10,7379],[48,15,5598],[48,32,9696],[48,45,2470],[48,50,9294],[48,55,3983],[48,66,4412],[48,74,7217],[48,78,8708],[48,90,42],[48,96,9194],[49,4,2955],[49,11,7511],[49,16,6438],[49,41,5853],[49,42,8285],[49,44,4480],[49,50,5114],[49,67,5163],[49,74,6666],[49,79,5971],[50,3,7528],[50,21,6682],[50,28,7702],[50,33,689],[50,34,8230],[50,39,7042],[50,65,2473],[50,75,5224],[50,76,4002],[50,91,8050],[50,98,908],[51,3,8430],[51,15,2918],[51,33,7531],[51,44,4169],[51,50,1090],[51,56,4342],[51,64,7223],[51,68,4532],[51,82,5442],[51,87,7538],[51,92,9484],[51,95,7140],[52,17,6654],[52,19,4386],[52,22,9557],[52,31,770],[52,48,5336],[52,55,3022],[52,57,905],[52,62,9547],[52,91,6776],[52,97,9432],[53,9,7294],[53,11,447],[53,17,5160],[53,30,927],[53,32,3388],[53,34,4671],[53,39,3563],[53,44,111],[53,59,5495],[53,68,1700],[53,82,473],[54,7,5314],[54,16,6654],[54,22,8305],[54,33,2367],[54,36,474],[54,40,4207],[54,65,8362],[54,69,9002],[54,72,739],[54,79,6871],[54,87,824],[55,11,9161],[55,12,8378],[55,19,1214],[55,30,2809],[55,79,5277],[55,83,9311],[56,5,6803],[56,12,9200],[56,16,3997],[56,19,8728],[56,23,6493],[56,33,8598],[56,50,7984],[56,53,4605],[56,75,6203],[56,76,8269],[56,97,8361],[57,15,992],[57,23,8425],[57,34,4151],[57,37,2172],[57,40,8823],[57,54,2229],[57,67,6367],[57,77,9974],[57,80,7109],[57,85,9525],[57,92,6808],[57,96,4275],[58,6,7086],[58,36,8094],[58,38,329],[58,42,3003],[58,43,4868],[58,48,3248],[58,63,8245],[58,68,4691],[59,2,2172],[59,12,8995],[59,14,2516],[59,20,7581],[59,23,1389],[59,25,4899],[59,43,609],[59,45,891],[59,46,9749],[59,67,5691],[59,71,5156],[59,98,7160],[60,3,5167],[60,19,120],[60,20,1914],[60,29,7045],[60,37,1107],[60,46,1474],[60,53,1164],[60,59,5761],[60,70,9304],[60,76,7120],[60,77,8512],[61,11,2618],[61,50,4910],[61,55,2504],[61,90,948],[62,0,6389],[62,3,6616],[62,9,1323],[62,20,7351],[62,43,2890],[62,52,2394],[62,53,675],[62,58,505],[62,66,2366],[62,74,7190],[62,76,1085],[62,84,6874],[63,1,9979],[63,3,3307],[63,9,2685],[63,18,3874],[63,29,5098],[63,36,819],[63,50,3786],[63,56,5350],[63,64,1658],[63,70,7502],[63,83,2028],[63,84,9696],[64,32,7102],[64,44,9197],[64,51,3289],[64,60,6417],[64,65,8454],[64,68,9926],[64,98,3249],[65,3,4061],[65,4,3695],[65,9,6380],[65,10,7506],[65,17,5158],[65,25,1411],[65,39,3369],[65,48,3704],[65,51,9347],[65,55,2627],[65,59,7361],[65,72,1617],[65,77,4424],[65,78,5831],[65,81,3687],[65,95,129],[66,24,5558],[66,36,6672],[66,46,8065],[66,51,2440],[66,55,704],[66,63,209],[67,6,9082],[67,8,3609],[67,11,2993],[67,22,4026],[67,27,8514],[67,30,4195],[67,41,1635],[67,44,8160],[67,52,5705],[67,54,3497],[67,56,3722],[67,73,6297],[67,86,1197],[67,89,7358],[67,92,6695],[67,94,6664],[68,32,7898],[68,43,756],[68,53,2940],[68,59,646],[68,63,1810],[68,76,2964],[68,77,7667],[68,87,4586],[68,91,6575],[68,97,1706],[69,23,7825],[69,43,4965],[69,48,9217],[69,54,7635],[69,62,3188],[69,75,6459],[69,78,5250],[69,85,9364],[69,86,6609],[70,3,5503],[70,7,1252],[70,39,8407],[70,41,5791],[70,42,8889],[70,56,6495],[70,84,1213],[70,89,4390],[70,97,7383],[71,3,9956],[71,45,4967],[71,50,6836],[71,58,2614],[71,62,4818],[71,85,6061],[71,87,3797],[72,3,9876],[72,11,492],[72,12,824],[72,18,9937],[72,45,6265],[73,8,5838],[73,25,7131],[73,28,8392],[73,48,8292],[73,53,5361],[73,65,4058],[73,74,8999],[73,76,2541],[73,84,5970],[74,3,4451],[74,25,5345],[74,33,6312],[74,35,3028],[74,37,9590],[74,42,357],[74,43,2136],[74,59,3078],[74,64,7827],[74,67,648],[74,83,4037],[74,86,8127],[74,95,8715],[75,8,166],[75,12,8289],[75,17,5323],[75,56,6480],[75,70,11],[75,72,7135],[75,74,4273],[75,78,6973],[76,6,9764],[76,13,4352],[76,36,3453],[76,50,615],[76,51,9007],[76,63,1238],[76,68,4825],[76,71,2273],[76,75,7651],[76,92,8313],[77,15,2625],[77,18,2757],[77,22,6005],[77,28,5918],[77,29,9957],[77,30,1852],[77,37,7830],[77,58,4693],[77,61,3079],[77,67,1884],[77,76,3659],[78,4,3724],[78,18,1833],[78,19,8179],[78,35,9459],[78,53,2741],[78,73,59],[78,75,2133],[78,90,8049],[78,92,5087],[79,34,2928],[79,39,2123],[79,42,5887],[79,53,1391],[79,57,8755],[79,58,4092],[79,61,125],[79,75,7247],[79,80,9105],[79,95,6115],[79,96,9098],[80,7,7428],[80,18,2759],[80,22,1739],[80,30,4307],[80,35,225],[80,36,7752],[80,38,8822],[80,54,3970],[80,56,3764],[80,65,6238],[80,66,3907],[80,68,5511],[80,86,3915],[80,89,2268],[80,90,591],[81,4,8697],[81,7,6388],[81,40,6383],[81,48,1087],[81,50,7037],[81,51,5350],[81,52,4937],[81,57,3103],[81,62,9745],[81,65,1323],[81,69,3849],[81,73,4911],[81,87,336],[82,5,5088],[82,13,386],[82,21,7267],[82,31,5788],[82,37,9256],[82,39,1478],[82,43,9219],[82,71,3862],[82,94,5036],[83,11,2308],[83,28,7239],[83,59,2083],[83,68,8212],[83,77,7626],[83,85,2697],[83,90,5301],[84,3,3445],[84,8,7953],[84,11,1626],[84,30,1222],[84,36,119],[84,37,5185],[84,38,9490],[84,40,4080],[84,41,3466],[84,46,3222],[84,53,1957],[84,55,8352],[84,73,9760],[84,74,9374],[84,81,6113],[84,95,1475],[85,4,8089],[85,19,9140],[85,25,3673],[85,27,384],[85,32,1518],[85,36,4955],[85,45,2818],[85,68,5443],[85,70,3747],[85,87,620],[86,0,9589],[86,2,8293],[86,19,3084],[86,25,9323],[86,37,9847],[86,40,6221],[86,46,6563],[86,54,5385],[86,60,9353],[86,76,6784],[86,77,2022],[86,80,8477],[86,82,6002],[86,87,6957],[87,14,1698],[87,33,7637],[87,39,8746],[87,43,4431],[87,49,9762],[87,63,7830],[87,71,5445],[87,93,7511],[87,95,4113],[87,97,1092],[88,8,7988],[88,12,4157],[88,20,4450],[88,23,9531],[88,37,8153],[88,40,6396],[88,43,6187],[88,56,25],[88,68,9426],[88,80,8727],[89,2,6294],[89,4,1921],[89,5,5610],[89,6,1477],[89,11,3323],[89,17,6456],[89,28,298],[89,41,6786],[89,45,107],[89,46,1561],[89,54,7779],[89,55,3686],[89,56,8205],[89,59,7157],[89,67,7293],[89,76,5901],[89,79,5574],[89,85,2635],[89,91,6439],[89,95,1497],[89,98,7359],[90,9,9503],[90,24,608],[90,43,5727],[90,51,5965],[90,60,6276],[90,61,3945],[90,86,1665],[90,88,4120],[91,10,9904],[91,44,6532],[91,59,8645],[91,60,5211],[91,63,9880],[91,64,3842],[91,67,7028],[91,84,5379],[91,86,8057],[92,1,8300],[92,16,207],[92,20,4023],[92,24,3257],[92,25,7616],[92,33,1487],[92,44,9384],[92,45,8336],[92,47,2913],[92,50,4273],[92,51,880],[92,52,1241],[92,68,8433],[92,84,8566],[93,11,4533],[93,20,6304],[93,24,3499],[93,27,9227],[93,30,1943],[93,41,998],[93,51,6678],[93,85,8307],[94,29,389],[94,32,2960],[94,46,1547],[94,59,9057],[94,77,1013],[95,0,4881],[95,6,6258],[95,8,5396],[95,17,7739],[95,27,2127],[95,33,8294],[95,43,2286],[95,44,1720],[95,48,1218],[95,59,518],[95,64,2786],[95,85,215],[96,1,6428],[96,2,788],[96,9,414],[96,42,7361],[96,47,7788],[96,48,525],[96,49,9269],[96,60,1108],[96,65,4225],[96,71,1170],[96,95,3752],[97,15,664],[97,32,8657],[97,43,9657],[97,50,4678],[97,53,4994],[97,56,2290],[97,59,1213],[97,63,5659],[97,90,6858],[98,40,8869],[98,41,1171],[98,44,6797],[98,56,8576],[98,81,2481],[98,86,2157]]
98
0
84
100
[[0,15,3642],[0,51,5329],[0,61,9103],[0,62,3867],[0,82,5064],[0,99,3987],[1,17,2195],[1,27,9108],[1,38,3700],[1,39,6585],[1,46,2885],[1,68,8067],[1,70,8762],[1,75,4404],[1,76,3147],[1,98,8323],[2,15,2477],[2,17,1678],[2,20,8405],[2,25,8401],[2,36,7345],[2,40,7039],[2,68,2471],[2,69,1109],[2,80,3451],[2,83,5277],[2,86,1455],[2,87,9097],[3,54,7467],[3,55,9308],[3,57,2955],[3,69,3893],[3,93,6810],[4,11,9065],[4,14,6980],[4,46,3703],[4,51,3955],[4,60,7530],[4,78,7169],[4,79,3731],[4,85,9196],[4,87,5869],[4,97,7686],[5,1,9181],[5,6,5685],[5,8,6303],[5,9,7956],[5,11,7079],[5,14,3765],[5,33,2638],[5,37,7834],[5,58,8117],[5,63,9468],[5,79,7955],[5,93,2832],[5,94,3725],[5,95,5767],[6,0,5568],[6,1,960],[6,7,7020],[6,16,5707],[6,34,8112],[6,49,6943],[6,58,4254],[6,81,4301],[6,91,8175],[6,97,7963],[7,16,6505],[7,21,8468],[7,41,6569],[7,51,3425],[7,57,2131],[7,64,4491],[8,7,4816],[8,11,5282],[8,16,350],[8,19,4229],[8,23,8666],[8,29,5085],[8,37,6035],[8,45,3668],[8,66,4897],[8,81,1034],[8,85,1780],[9,19,6131],[9,29,4810],[9,50,9559],[9,69,5208],[9,83,366],[9,92,9686],[10,7,7426],[10,9,6],[10,11,1970],[10,20,8142],[10,36,4109],[10,54,505],[10,60,1781],[10,62,367],[10,70,6118],[10,72,8706],[10,73,4136],[10,82,745],[10,95,6185],[11,0,4458],[11,21,3306],[11,25,7491],[11,40,283],[11,44,8009],[11,52,943],[11,71,862],[11,88,9848],[11,97,4845],[12,5,3384],[12,6,9827],[12,30,8456],[12,33,101],[12,58,9727],[12,72,5501],[12,75,2259],[12,90,1470],[13,15,4840],[13,39,5546],[13,47,7170],[13,49,3013],[13,64,7289],[13,76,8817],[13,96,8958],[13,97,3748],[14,8,8708],[14,9,6793],[14,17,8371],[14,18,7632],[14,23,6900],[14,32,365],[14,40,125],[14,59,6700],[14,60,1055],[14,65,603],[14,69,2972],[15,1,4495],[15,6,7829],[15,7,4311],[15,12,7119],[15,17,8653],[15,19,3079],[15,21,6036],[15,26,9591],[15,82,4709],[15,94,5824],[15,98,7496],[15,99,7395],[16,25,2732],[16,33,8287],[16,35,3849],[16,44,1032],[16,47,9784],[16,52,4099],[16,53,6382],[16,64,2966],[16,66,7927],[16,94,6119],[17,13,2005],[17,23,1570],[17,24,5627],[17,71,3595],[17,91,5913],[17,99,7754],[18,5,7667],[18,17,6048],[18,31,1118],[18,36,784],[18,42,5708],[18,53,9589],[18,59,7005],[18,64,2238],[18,65,5987],[18,68,1960],[18,70,8671],[18,97,5772],[19,9,8981],[19,20,7608],[19,28,6616],[19,29,7555],[19,31,955],[19,33,2492],[19,48,2806],[19,69,1145],[19,77,1289],[19,78,5804],[19,80,1983],[20,4,6719],[20,22,5942],[20,31,370],[20,32,6926],[20,40,2972],[20,72,7117],[20,93,3391],[21,10,9358],[21,39,8835],[21,41,8213],[21,53,7392],[21,85,3589],[21,99,8856],[22,11,766],[22,16,1525],[22,17,6261],[22,18,2259],[22,21,2582],[22,24,8240],[22,40,8490],[22,82,1316],[22,90,4610],[22,92,3913],[22,94,4172],[22,97,2755],[23,14,2859],[23,18,8556],[23,21,8783],[23,56,5698],[23,76,5815],[23,93,5370],[24,4,705],[24,13,5782],[24,25,1201],[24,32,8755],[24,34,9538],[24,35,9858],[24,49,6363],[24,52,8544],[24,58,4322],[24,91,6084],[24,99,863],[25,0,1772],[25,8,9606],[25,10,3724],[25,18,7830],[25,26,2606],[25,33,6160],[25,40,3130],[25,53,4196],[25,55,437],[25,99,5839],[26,7,1422],[26,12,2492],[26,14,9400],[26,31,7976],[26,32,5629],[26,33,8359],[26,37,464],[26,43,2519],[26,47,1847],[26,50,2211],[26,56,8149],[26,66,8955],[26,98,9302],[27,1,3995],[27,17,9026],[27,41,7751],[27,67,985],[27,74,7393],[27,75,8401],[27,78,5938],[27,90,2440],[27,94,1765],[28,13,2206],[28,14,952],[28,24,5096],[28,31,4740],[28,35,6985],[28,51,6065],[28,65,5983],[28,83,900],[28,87,5117],[29,22,8229],[29,27,5509],[29,59,6570],[29,71,1463],[29,78,7070],[29,81,4122],[29,84,6421],[29,96,7655],[30,1,6632],[30,22,3558],[30,36,2929],[30,43,2218],[30,64,2247],[30,65,4262],[30,71,6457],[30,75,6309],[30,81,4833],[30,90,1583],[30,91,3495],[30,94,7042],[31,4,5729],[31,34,2550],[31,37,3434],[31,38,9418],[31,40,1048],[31,45,750],[31,56,549],[31,62,8563],[31,75,2170],[31,85,2783],[32,6,5088],[32,19,2055],[32,23,6489],[32,27,7810],[32,33,2143],[32,38,2443],[32,39,1710],[32,42,6503],[32,52,8738],[32,56,4365],[32,57,6117],[32,62,1964],[32,76,3172],[32,78,4574],[32,82,500],[32,83,2279],[32,89,2976],[33,4,5746],[33,32,7883],[33,44,3791],[33,50,4985],[33,53,4378],[33,67,5028],[33,97,4930],[34,14,4749],[34,17,499],[34,19,4203],[34,21,217],[34,38,7751],[34,89,6152],[35,30,7597],[35,33,6173],[35,34,6223],[35,39,4814],[35,49,5938],[35,64,3353],[36,7,418],[36,10,6723],[36,16,3913],[36,32,376],[36,70,8779],[36,72,5221],[36,78,5577],[37,1,9754],[37,10,8343],[37,18,8840],[37,21,849],[37,24,4963],[37,28,3189],[37,30,8729],[37,36,7597],[37,51,7974],[37,63,812],[37,75,558],[37,77,4923],[37,86,8158],[37,89,4787],[37,93,3782],[38,7,1479],[38,27,4477],[38,29,8430],[38,30,3848],[38,42,6054],[38,46,9543],[38,48,3327],[38,56,4839],[38,59,4431],[38,66,2181],[38,82,4180],[38,86,4769],[39,7,4884],[39,10,4159],[39,31,1285],[39,38,6312],[39,40,7907],[39,50,1691],[39,81,1426],[39,82,4297],[39,89,3082],[39,95,9103],[39,96,4829],[40,3,3509],[40,5,7449],[40,13,4169],[40,22,4296],[40,28,8602],[40,41,7685],[40,53,4161],[40,77,3578],[40,86,988],[40,88,6866],[41,0,1445],[41,20,6386],[41,24,4671],[41,29,7966],[41,40,645],[41,48,6076],[41,53,2514],[41,54,2272],[41,68,6806],[41,82,7384],[41,86,9919],[41,89,339],[41,96,1381],[42,18,4018],[42,22,9176],[42,45,4557],[42,47,8258],[42,56,5626],[42,89,4587],[42,96,3861],[43,18,8415],[43,20,3926],[43,24,8693],[43,27,5791],[43,32,3278],[43,35,6475],[43,41,7476],[43,55,8427],[43,58,2718],[43,73,310],[43,75,7120],[43,85,6640],[44,21,5979],[44,22,1018],[44,30,1903],[44,34,1780],[44,39,296],[44,47,5087],[44,53,5202],[44,55,3936],[44,80,7776],[44,91,8467],[45,4,5003],[45,9,8997],[45,10,4897],[45,11,465],[45,22,5523],[45,28,7392],[45,30,8253],[45,41,6356],[45,65,5186],[45,66,4204],[45,73,4336],[45,78,5870],[45,88,445],[45,89,2923],[45,94,4751],[46,11,3061],[46,21,7651],[46,31,3390],[46,69,7438],[46,81,5887],[46,83,7373],[47,11,6314],[47,35,248],[47,58,2309],[47,61,1334],[47,72,357],[47,79,9026],[47,80,9596],[47,97,8535],[48,0,8888],[48,5,6363],[48,27,561],[48,31,9510],[48,45,1235],[48,63,1027],[48,71,1874],[48,75,7978],[48,99,8112],[49,33,2172],[49,40,8163],[49,65,1274],[49,72,984],[49,77,8984],[49,87,4369],[50,16,5821],[50,46,7068],[50,52,2748],[50,61,5312],[50,66,933],[50,68,2380],[50,96,6676],[51,0,7865],[51,10,9623],[51,18,8882],[51,31,6953],[51,46,3753],[51,48,7808],[51,53,1398],[51,63,5934],[51,66,2393],[51,75,7249],[51,77,8857],[51,83,105],[51,97,8764],[52,14,6941],[52,32,6368],[52,44,6389],[52,60,666],[52,63,1561],[52,83,6121],[52,99,4873],[53,10,9152],[53,22,5797],[53,28,7791],[53,32,5561],[53,33,5278],[53,54,5946],[53,59,7062],[53,60,7771],[53,61,9693],[53,68,3938],[53,74,2633],[53,98,1611],[54,16,7463],[54,17,7529],[54,22,6981],[54,26,102],[54,29,7445],[54,56,5860],[54,63,6542],[54,68,8850],[54,77,7678],[54,84,7526],[55,1,6632],[55,5,119],[55,54,7433],[55,57,9529],[55,74,1944],[55,97,7750],[55,98,9792],[56,4,9562],[56,10,8057],[56,14,4305],[56,15,7438],[56,18,8856],[56,33,1817],[56,43,1577],[56,60,5948],[57,8,7784],[57,9,6719],[57,14,6995],[57,15,5499],[57,44,4418],[57,72,1345],[57,74,251],[58,16,5760],[58,26,1389],[58,29,9277],[58,30,1280],[58,40,4930],[58,42,3012],[58,43,429],[58,48,1418],[58,56,8015],[58,62,5814],[58,80,9758],[58,99,1281],[59,16,6856],[59,77,4788],[59,78,8210],[59,89,6148],[59,96,9475],[60,2,6989],[60,5,8987],[60,21,4130],[60,27,9149],[60,42,842],[60,48,8944],[60,80,2509],[60,89,4885],[60,90,6180],[60,97,4613],[60,99,6594],[61,0,7004],[61,4,8837],[61,5,4074],[61,9,6957],[61,10,5295],[61,15,7607],[61,44,5703],[61,63,8691],[61,64,8107],[61,65,6868],[61,79,911],[61,80,567],[61,94,4317],[62,29,6523],[62,32,6776],[62,40,142],[62,45,8366],[62,46,4637],[62,48,3575],[62,52,9884],[62,54,7843],[62,56,7718],[62,58,9798],[62,74,263],[62,75,4470],[62,84,6446],[62,99,8128],[63,8,509],[63,23,7599],[63,34,5433],[63,51,1113],[63,54,5139],[63,64,4099],[63,78,1607],[63,88,3400],[63,90,7738],[64,2,2175],[64,7,6136],[64,16,7968],[64,35,5851],[64,39,6787],[64,42,5965],[64,53,8854],[64,56,1115],[64,57,3723],[64,65,9128],[64,74,8684],[64,85,6623],[64,91,9031],[64,97,3447],[64,98,1999],[65,8,592],[65,11,2230],[65,22,1307],[65,35,2591],[65,42,7550],[65,49,5002],[65,55,9367],[65,59,9089],[65,61,2270],[65,63,3354],[65,70,6849],[66,4,140],[66,18,772],[66,19,6653],[66,21,4560],[66,39,6249],[66,51,7287],[66,58,102],[66,62,7860],[66,75,1837],[66,90,8149],[67,28,6556],[67,43,3848],[67,51,7808],[67,72,1250],[67,73,99],[67,78,94],[67,81,8778],[67,97,2420],[67,98,8525],[67,99,8244],[68,1,3325],[68,2,1662],[68,3,5515],[68,9,9588],[68,14,2397],[68,16,1718],[68,17,1717],[68,19,3947],[68,24,3072],[68,25,8373],[68,34,7295],[68,76,1850],[68,78,1518],[68,79,2061],[68,81,952],[68,87,1905],[69,7,4939],[69,8,2077],[69,11,8665],[69,13,204],[69,18,2016],[69,24,1363],[69,25,8931],[69,29,9327],[69,57,7935],[69,60,4029],[69,73,1967],[69,74,7124],[69,78,194],[69,95,4341],[70,5,1210],[70,6,7006],[70,10,2970],[70,25,3571],[70,28,2863],[70,34,5154],[70,55,4195],[70,67,3567],[70,77,7637],[70,83,6986],[70,85,5318],[71,14,9332],[71,18,9809],[71,29,6290],[71,31,2508],[71,36,1602],[71,44,3798],[71,54,2792],[71,57,2895],[71,59,3779],[71,62,5630],[71,85,208],[72,0,8359],[72,25,6615],[72,53,2238],[72,65,4379],[72,66,7259],[72,96,7156],[73,0,4523],[73,6,5453],[73,15,3166],[73,25,9535],[73,26,3045],[73,34,3993],[73,39,6045],[73,43,5702],[73,49,8164],[73,65,7142],[73,85,5751],[73,87,5616],[73,97,2117],[74,2,1360],[74,15,6589],[74,23,1520],[74,30,3598],[74,34,9437],[74,46,5901],[74,54,4046],[74,67,3391],[74,70,5117],[74,75,9983],[74,76,7787],[74,82,5806],[74,87,2821],[74,94,3410],[75,17,16],[75,21,2322],[75,27,5826],[75,30,2314],[75,33,7753],[75,36,4131],[75,42,4919],[75,60,5106],[75,81,2920],[75,89,2918],[75,94,434],[75,96,7167],[75,99,6979],[76,9,5524],[76,13,4610],[76,14,9448],[76,16,4105],[76,21,9332],[76,23,1465],[76,34,5137],[76,35,8217],[76,41,7080],[76,50,8169],[76,57,717],[76,66,5267],[76,70,5708],[76,84,8855],[76,90,4930],[76,93,9167],[77,2,2652],[77,17,2577],[77,32,6968],[77,38,2523],[77,56,1067],[77,79,4519],[77,83,1755],[77,86,29],[77,95,1540],[77,99,5108],[78,3,668],[78,9,317],[78,25,7180],[78,30,5009],[78,36,3979],[78,52,695],[78,64,3206],[78,70,1597],[78,82,1003],[78,90,413],[79,11,686],[79,22,729],[79,23,3417],[79,25,8434],[79,26,3984],[79,28,3902],[79,37,1874],[79,41,6640],[79,60,8654],[79,70,2756],[79,84,3783],[80,0,6168],[80,10,3897],[80,15,1611],[80,40,4968],[80,47,8627],[80,57,1619],[80,59,2525],[80,60,9430],[80,66,9358],[80,72,779],[80,77,9235],[81,15,8882],[81,35,2759],[81,42,4127],[81,51,4748],[81,95,4651],[81,98,1296],[81,99,3951],[82,18,1139],[82,34,2596],[82,46,1760],[82,56,5499],[82,59,4362],[82,71,1698],[82,81,1256],[82,85,703],[82,92,1542],[83,7,7719],[83,10,9925],[83,19,656],[83,31,1396],[83,39,5792],[83,43,1206],[83,63,6219],[83,70,1647],[83,80,8391],[83,91,5568],[84,16,3536],[84,19,4401],[84,38,9952],[84,54,1432],[84,56,5012],[84,60,8036],[84,72,7058],[84,74,6672],[84,80,6963],[84,97,7638],[84,98,1139],[85,13,4197],[85,16,9895],[85,43,8699],[85,47,3218],[85,49,5105],[85,65,6839],[85,70,5614],[85,71,3709],[85,87,5359],[86,11,1683],[86,18,7819],[86,22,9107],[86,24,8206],[86,32,8750],[86,43,1822],[86,52,3234],[86,92,4256],[86,96,9985],[86,98,6595],[87,2,8917],[87,15,1148],[87,29,3056],[87,30,1794],[87,33,3705],[87,34,9573],[87,38,1156],[87,50,5294],[87,55,737],[87,67,4473],[87,73,2061],[87,77,9335],[87,81,975],[87,83,167],[87,99,3841],[88,15,3436],[88,24,7959],[88,49,2039],[88,55,4233],[88,63,2480],[88,68,4936],[88,69,7301],[88,72,4999],[88,84,9343],[89,30,1401],[89,42,4402],[89,52,2911],[89,62,4723],[89,71,881],[89,74,3866],[89,79,1047],[89,90,4852],[90,6,1689],[90,16,3345],[90,21,5926],[90,41,1332],[90,45,9248],[90,52,2867],[90,74,860],[90,84,4024],[90,87,5592],[91,41,5987],[91,76,3486],[91,95,3619],[92,0,8357],[92,8,5018],[92,9,8017],[92,44,4626],[92,52,8743],[92,61,4047],[92,69,8389],[92,76,6858],[92,77,1943],[92,82,6423],[92,86,8112],[92,91,5883],[92,96,7040],[92,99,4684],[93,7,1303],[93,13,3602],[93,38,769],[93,44,3683],[94,0,2961],[94,1,6357],[94,21,562],[94,36,2939],[94,43,4044],[94,46,8752],[94,59,8998],[94,68,3697],[94,75,8885],[94,83,8370],[94,91,3758],[94,93,8854],[94,98,7883],[95,0,602],[95,9,2538],[95,18,9283],[95,26,4014],[95,35,4073],[95,36,6177],[95,40,2012],[95,46,8053],[95,67,8923],[95,79,8436],[95,88,4175],[96,2,6083],[96,10,2306],[96,11,5007],[96,16,8540],[96,42,891],[96,47,9008],[96,49,6823],[96,65,7279],[96,75,7287],[96,80,6687],[97,11,7681],[97,32,5452],[97,36,9823],[97,42,4334],[97,47,6910],[97,59,8745],[97,65,4644],[97,68,2907],[97,80,3164],[97,87,5095],[97,95,4309],[98,8,8316],[98,15,7060],[98,27,4457],[98,29,6065],[98,31,7757],[98,34,3000],[98,38,3507],[98,49,7513],[98,50,9966],[98,51,390],[98,54,6148],[98,66,5903],[98,88,3626],[98,94,5873],[99,24,1348],[99,61,5697],[99,64,8373],[99,66,5127],[99,75,626],[99,85,2420]]
99
0
16