[31,63,-38,43,65,74,90,-23,45,22]
341
[21561,90025,-727,97620,-32349,51727,61981,-5497,-15065,-13872,29914,46523,85161,97337,1339,87825,82665,-40600,-39757,75326,-24015,24001,-12052,7401,79410,50875,70500,70536,81029,-46312,14738,37105,-11381,18574,27894,8264,-17261,95534,53718,-6889,22931,-8874,91323,-22375,72550,10819,36300,5431,38748,57078]
224501
[-28,81,-20,28,-29]
89
[56,-21,56,35,-9]
61
[17,85,93,-45,-21]
150
[84,-37,32,40,95]
167
[48,99,37,4,-31]
140
[2,-1,1,-1,1,2]
3
[44,-25,75,-50,-38,-42,-32,-6,-40,-46,-47]
19
[-34,37,51,3,-12,-50,51,100,-47,99,34,14,-13,89,31,-14,-44,23,-38,6]
151
